41 8
44 1.2926844875287653 -0.562027989018812 0.17806560643346778 0.021485519158953078 4.771774870617452 -3.076647570857211 0.30080912216122596 -0.44123442837272253 
22 -0.7416008002265615 3.358621227395157 0.2509022923142119 -0.98679987361552 0.913988117112656 -5.832157157162922 -0.5029456591616422 0.4069791298606546 
23 -0.6711730669566485 0.8275748035293483 -1.559318329190915 -2.527060222324869 1.8213505871681785 -2.1662764269547106 -0.5328745969967263 -2.6739505336161824 
45 1.2691048478751301 0.9912476058455076 -0.7060217297167872 -2.60111796409406 4.357891247575067 -0.3729996944265144 -1.3090190211163677 1.8515766136166598 
24 -2.5603327090583377 -1.0298436985583441 1.0152375521249672 -2.3593090046048864 2.049063146702018 -1.1790475312977329 -0.5715073623268 -2.81095993074848 
46 -0.6025555254825566 1.8467247004378917 1.1853733971987757 -1.2807842577343984 2.7316408015806677 0.25103126999995956 0.3645977317189192 -0.5979432368956289 
47 2.352759141772765 3.013377264557903 0.36798966178337483 2.59075130957195 1.9520312088921667 -0.5844294116698459 -1.7855400993503339 -1.8171675337527982 
26 2.18406324445785 -1.0894289619757938 -0.10802272378322328 -1.0188805598467536 1.113689052441683 -3.6428283908123156 -3.351629369745793 -0.7004807801538248 
48 -2.5129813350470176 0.8363534713721565 -2.1008788442545505 -2.0519820801401623 3.59217216520306 -2.6845393197456078 0.6832214917847258 -0.5118370610100272 
28 -2.308084109547854 -1.6742483703691946 -0.5352053205185036 0.9969852372053003 1.6992770432476338 -3.7798139783437867 -2.377839305279364 -0.6014872379980554 
50 -0.6009173930280878 -0.18109432898903358 -0.8868922489640539 0.1984946829728914 0.8752296700783383 -2.9581039278877257 -1.8965674804816581 -2.9013219553827674 
30 -1.375185967824752 3.8517019719326346 0.07195263157557681 -3.882905539268665 2.3886083638870668 -0.15750624994693246 -2.8769894836290892 -0.31203891337675504 
32 -1.1436087321928121 -0.5336620786705782 2.4473611378386484 0.8471765824185176 1.8348120441602829 -0.1253131432386064 -4.72583883603147 -3.1734411426819107 
10 1.6449124917182834 1.1779046585758708 -0.4144465583594759 -2.3221818951898467 2.554403438083166 -1.2094602043635334 -1.2098753630235715 -0.9812131781422986 
33 0.5336391989635177 1.846280846362924 -1.9958316864499348 -1.7511860974985742 0.45466664971054327 -0.41092986686703453 -1.5526685170294503 -1.5243048101321537 
11 -0.08348674509636263 2.782557823367241 -1.2642958670127737 0.9343695140436157 2.1209172969214003 -1.807963540512591 -3.703414358845828 -2.6203234737516374 
34 -2.5773905214030095 2.241950520626416 1.0516509270282473 -0.15848206127792325 -2.063072423830778 -1.6722296005489508 -2.8208839745976833 -0.5199009375961341 
12 -2.3817059699647487 3.6019093017452075 -0.8051746707472325 -0.15928186193587573 3.5621101222073275 -2.0862344092153813 -0.97707894397371 0.001778639019296216 
13 -5.510678016068711 0.37560923453462175 2.839963119758767 -1.5086405777262297 2.79899064192352 -0.2606251700230067 -2.284757219511479 -0.6094714216475738 
35 1.300698300840101 1.6277339197834235 3.235947314429936 -3.239573320883041 -1.510211186127628 -2.117267227836961 -2.495806180693263 -3.2455373759784476 
36 -0.7267815351732062 0.961885261120511 1.0417312919789092 -3.017783806326145 0.43667874766619796 -2.986089660888956 0.471924529848792 1.30533606008025 
37 -0.22399602852963812 1.96030218989908 -0.5977586324904575 -1.6392403791686045 1.2083763596890877 0.8280367403892778 -2.392169566444482 -2.103710362756897 
15 -1.205847766506351 2.3023045684513805 1.28131779573933 -1.0223456756153637 -0.06421945827369539 -1.1308781097928393 -1.0831036846707487 -2.460341815408812 
16 -0.9872316069491004 -0.13130591031687272 1.4134147760622995 -1.2230306692613189 2.9103860505053283 -0.9355876619934771 -0.5973037736562798 0.8098772051643969 
38 -0.5972391789615812 1.8247020070586104 1.1718598685457724 -1.246767100899297 2.7101567859470617 0.31254219448376375 0.4419189943481937 -0.5905103784598255 
17 0.9804934925505122 3.884245576139383 2.468445147721476 -1.4041075962518965 0.3250021431099203 0.5429256395597125 -3.0339973595518432 2.2091681981127658 
39 -2.711269596323063 3.096684944122396 -0.09491303032514031 -0.6378531656935724 0.2975137138559231 -1.2367516961892213 -1.1836667771725138 0.21627637794829654 
18 -0.588863090352339 -1.2587568782306382 2.495255400763308 -1.2130434225885909 0.24434321613087132 -2.614221722292064 -1.5238864502022966 0.027853249713458542 
19 -1.606850583328768 1.2127138758672196 2.147530603459896 1.2237425802619708 1.5002060786525353 -2.00049266957592 -0.0012899625380332403 -1.7128415283101166 
1 0.17044758135120908 2.7832351465809833 2.7557503057168313 0.3289409711893197 3.495985456040456 0.3287830871204492 -2.9832775476685334 -1.2257192598421163 
3 -0.9982427800729121 2.207181475365044 1.677338276007583 1.0494866732290056 0.16417592456272623 -2.532201669380736 -3.362189553730615 0.09647155804302181 
4 0.5246267689939873 0.9607698241282152 -0.5052809161055977 1.0407488227644341 4.6489883052320415 -3.5841723588954477 -1.215779479761029 -1.7131604178453241 
5 -1.0003574701333082 2.2033953925638894 1.6764666917419924 1.0445299575371287 0.16275324433657934 -2.545269955984339 -3.35580687435619 0.11077747281655068 
6 1.2462118985589055 -1.2035735481836802 2.8108650254205014 -4.249000711248152 2.6118807931471575 0.07073401475900505 -3.5852576555458615 -2.251442448705577 
7 -0.6099208126566373 1.9190496100051282 1.252691196792567 -2.6967570817347344 0.8066522421768834 -0.4942569967697225 -2.9158717861812637 0.980609164570959 
9 1.3338265761279386 2.6066346005350782 1.2588575340819235 -0.5242513071875492 1.09362318399832 -2.3758130674826 -0.5916974391383836 0.2985319307008884 
40 -0.5815950136200838 -0.6769192034088624 2.4758775998932925 -1.3153342356343114 1.08815024245422 -1.7816610499629926 -1.0929749015723222 0.5239696392976518 
41 -0.5335250586947906 1.054086890035982 -2.079447545865549 -2.6485479756168706 -0.8164921288798472 -3.324939277681706 -2.8732485465472974 0.5388415796321145 
42 -0.04514469234510696 1.9498354993496114 0.7964044753113506 -0.8169911386365788 0.12046040826441128 -4.629802608832535 0.9841312645634639 -2.0967581855856725 
21 2.5577368298197807 0.9595199865445553 3.2809289087014055 0.27774370078179994 1.7111087823007438 -2.171889825156023 -1.68347698124361 -1.1676962722253375 
43 -1.4602618083044476 0.2160356128497498 -1.0293474723806642 -0.1064639710034124 2.2822963706242287 -0.9259487230702587 -4.177767223314425 0.9486070608647134 
