44 8
44 -1.058372131821458 -1.6745132584785214 0.4965487132534065 0.5944374518663803 1.7469764303779696 -2.059526578149655 -0.3224455011866162 1.1453947657864247 
22 -0.03132344716300621 0.011835663076730674 0.021879210194873544 -0.006885175552567235 -0.0316433939140609 -0.0022351226283005565 0.06192592990231105 0.03966456092800637 
23 -2.1254392719241904 0.05567733935865895 -1.66435951652691 0.7775906873081435 2.8218279573248646 -0.8967755433918634 -3.1281569735806345 -0.21212172170751994 
24 -1.992239721809081 -0.19383949427185132 -3.0482051646810544 -0.7133087721069554 2.843781699384434 -1.773971710796599 -0.17801789210602192 0.05972339058984519 
46 1.3111407092148915 0.7818190051932347 -1.795929829435455 -0.2493797421587778 -1.6691243003437286 -2.3414436809139727 -1.3815993374419153 1.4952995243991087 
25 -2.5410473437006167 1.5341175278449435 -0.5784237223085082 2.767930085853305 -0.11369885870730928 -3.095840503103816 -0.370529761329277 -1.3571955859295606 
47 -0.6200824535509332 1.1219746865821556 -3.939461598312043 3.361518230098874 1.3038779671528578 -1.1344809044653221 0.012395313636175829 1.7003357295012076 
26 -0.029268297930077763 -0.03593646175155764 -0.025378863907837473 -0.04135994288082903 0.03235704084474446 0.023643381218047224 -0.0340913762633972 0.029090783769805104 
48 -2.547088767061906 1.7366347524606953 -2.5927952385410573 -1.2891518206432058 -1.9233111126567377 -1.428405808810895 0.8835829011437488 1.7005664456163097 
49 -0.2901462767008741 -2.0188853410649164 -0.8595358494569715 -0.023099206466616035 -0.023987945960511674 -2.074510420730448 -0.9352453428688334 1.6415738361429542 
27 -1.8755716423730386 -0.1059195830567987 -1.9403326449960532 -1.1065326052152602 0.6934982467696421 -1.1942415244396403 -2.2806146238257274 -2.978042702514758 
28 0.25591523174182823 -1.144815052209846 -2.140328212949754 0.7851768355402677 0.7880965648788489 0.20534332364425714 -3.0857501302134596 0.21180716241447245 
29 -1.9133748455619266 1.5901680877342064 0.3302017181777057 -2.370985868910408 1.5044393988017841 -1.9788202557635335 -1.3810414805840268 0.35935528151329643 
50 1.0220394676417575 -0.14836652034842376 -2.4478983723777326 0.7820415807527085 1.7289737801411602 -0.5401996836084225 -1.8278449122598257 0.44985821149270105 
30 -0.5399270410098042 -2.2614841413209303 -1.848088022064003 0.9899391469238847 0.3944207543602842 -3.8493406517578395 -0.5854326301418165 -1.5794615781117576 
31 -1.9660226055567953 3.458450521325455 -1.6326723211923728 1.4940717214565646 0.19059314021869447 -1.4716688385624173 -2.3611797254762217 -0.8446561067766457 
10 -0.6597378053170445 0.5043501941861527 -0.75330050737983 0.2979116784502165 2.1987101607157493 -2.5294948957621872 -3.247224185715386 -1.882212941916469 
32 0.37247895521389796 1.61831944360455 -0.09364497972727848 -0.16273691225298997 1.9075519941238994 -3.1103871784618464 1.306579742247016 1.7674713968242366 
33 -3.1962598550081234 0.15333766308361377 -0.7869532040364077 1.6669926366677346 -0.45514527180594905 -0.363826121235909 -1.887185246074015 1.4120314160841405 
11 -0.9056292169207628 -0.11495230196884029 -1.7337883973677706 -0.6338762354211457 1.1729167178670856 -2.974470013616871 -0.7831337567929807 -2.097658709446381 
34 -1.1767323642090795 -0.1100216590415231 -2.3883875687545157 -0.7698876453470485 2.077853509668606 -1.632356140851561 0.6095241139339445 -0.6703590084011543 
12 -1.0342693261072693 1.1530589009538426 -2.756374962112544 -0.6274795952721514 -0.2718992771326935 -1.5882592418497605 0.08376273895915726 -0.45415990184302735 
13 -0.4775857764814886 -2.7533105557031385 -0.20972655084492156 -0.01850958443261337 -0.32302126800948716 -3.308752642149369 -2.036386208261618 1.7407083292787136 
35 -0.7246090762589573 -1.7370718390673352 -3.2049926195997056 -0.11288261788388936 -2.2069029587153794 -2.5388738345450226 0.13787162572271752 -2.3587412087642132 
36 -0.3581709478639486 2.24043986930728 0.14714589715972803 -0.7173570328573204 0.13099807017762172 -4.520709148468996 -0.6428886139773815 0.29209220911562 
37 -2.0286016347720652 1.0470500621112577 -0.08651630344416303 1.0177497137940654 1.8475441209220782 -1.0079697658502944 -0.5430736499919674 2.7847816944540935 
15 -1.1235561670304692 0.4917161013291079 0.5645303496496062 0.5434587165421437 2.5695288830567087 -3.3931820183134 -2.2194006115601432 1.7550124092417692 
16 -1.8016874382184465 -0.37111890340279136 -0.5711752266380223 -1.94350890238972 -0.6428969348192174 -1.217350053654452 -4.373801185486295 0.6970127852306236 
38 1.7047977830230323 1.8799754660952501 -1.58614913218732 -0.6295989237281365 -1.222975751824122 -2.37767103742005 -0.7770118922025535 -0.31747718845895356 
17 0.2821566172798311 2.8143480516157426 -1.4083684328606847 0.11143094690492737 0.3381106477175684 -1.5486067390354714 -1.0836549013881176 -1.473916054104199 
18 -1.7234946491000906 -0.2008191915068879 1.046184946877413 -1.0481951218120746 -1.6964930917262409 -3.8824762728601567 -1.5633724965407128 -0.023662236593981287 
19 0.03061362802406488 1.208438580905761 -1.7060120698096255 -2.1218085315130932 1.305460121654583 -1.6499828150618296 -2.1337344628238037 1.8250062073541053 
1 0.7777297559592548 -1.4222362617909068 -2.740645438456582 -0.39511870464258836 -0.08161511023381768 -1.8165817224388594 -2.396839351493989 0.8206164776861444 
2 1.230582096241669 0.9740074400403596 -3.122203621715553 0.5444177720593468 0.17288356209356745 -1.7658261499807446 -4.122684210207998 0.21431725130271925 
3 -3.152887162217593 -0.18251242933409287 -1.2501918135528902 0.2801694771613137 -0.035324219170820986 -3.3653017851790255 0.7642221948901426 2.121973690670365 
5 -1.1406974788776716 0.11847768484247179 -2.190030113792142 -1.442812730387198 0.3379737960801515 -2.5297523101987873 -0.5047145737992285 3.4187064281150175 
6 1.5731736610248583 1.3110910964021447 -2.1142046043893403 1.6124460597516648 1.6176266340208207 -3.532874360243459 -0.3255794442861507 -0.44302365765623725 
7 0.498412922577371 0.46511651299128176 -0.2039123246751621 1.9249678167275732 -1.4469409774612958 -3.612098912231364 -3.279137193681332 -0.8679377667055675 
8 -3.311347419403937 -1.7904491543696837 -2.4316901658944516 0.7423148113447628 0.8638514959382259 -1.219824391842526 -1.8380515041481624 0.7275685599424183 
9 -1.0469036589363365 0.532845123203113 -3.102091339539801 1.2244355552717299 -2.951802954513952 -2.6204749839759542 -1.0151421408928727 0.834361988717296 
40 0.3039371175441709 1.3787862613341535 1.308379111578675 1.586294719796286 0.4455477773429548 -2.2078802452889295 -2.972140865860814 0.7785507580139124 
41 -2.8408487257175037 -0.7384775429063738 0.2400852583724667 1.9640731071956805 0.4267371022830615 -1.375644531237075 -0.9484903364219506 -1.2426051209637605 
21 0.6125324420501185 -1.488444982113754 -1.0269961145463382 2.9408545513100166 -0.3930477639843777 -3.656629749044348 -0.17481097703264986 1.4238302364348174 
43 -0.6548310326914846 1.132360708070147 -2.479136726700531 2.606098709760733 1.312870033164475 -1.2251183702462634 -0.48849540408654635 1.9724426854858876 
