41 8
44 1.292663860426188 -0.5937213572185042 0.3016416440322519 0.0682022427748125 4.362090859969408 -2.8890318683901914 0.27868759801864934 -0.3526412300006932 
22 -0.6599036612042363 3.0517413921961283 0.08797570925449276 -0.8978326448843708 0.9301932962278004 -5.559246366609156 -0.534678832539049 0.45922537447657485 
23 -0.6832636521146451 0.706580016825434 -1.5218418583896356 -2.751451187439665 1.9175392335844572 -1.950373262324539 -0.8373411985710488 -2.6948070315327373 
45 1.0865141116975598 0.9333869442129862 -0.6001605553673718 -2.4513300537976437 4.1181040756305975 -0.3311735750213608 -1.2701438171040844 1.7793568417237349 
24 -2.5268917042306964 -1.0523959652050296 1.0372573426662626 -2.507350789729376 1.9356396692792606 -1.310237948124704 -0.4892342198024365 -2.9756607876432155 
46 -0.6484028886591238 1.9953876334258658 1.113373659355631 -1.0279403763635835 2.731150968782089 0.32098945423572334 0.35507672758069897 -0.849175537528976 
47 2.330864871402937 2.862822485204556 0.4576153372580667 2.4031897208105275 1.8372077060511567 -0.49288854844383306 -1.6531096059565253 -1.842771497304598 
26 2.459774109382048 -1.1534977581407746 -0.12016240492139076 -1.0628898264269413 1.0639909668461034 -3.8782588892730807 -3.4671209676858417 -0.6651012270396549 
48 -2.3909127101559626 0.7353312182234766 -1.980278109549544 -1.9023385643265993 3.3622043751223183 -2.6123747533818293 0.6051462226048967 -0.4997487870552339 
28 -2.2354506228955318 -1.7395452750012672 -0.5024439444050828 0.7933613391961104 1.6629814662797624 -3.7794756703333885 -2.4133338818988053 -0.5230269751511467 
50 -0.7520759951900894 -0.30048628574177133 -0.819751174936212 0.38919689824176484 0.8243660015989116 -3.159494505163329 -1.726878793734632 -2.6152420392363287 
30 -1.1095300548018039 3.4322635830986647 0.04490140971525067 -3.5867645417606395 2.1719921196090297 -0.18446460142576393 -2.755325450871465 -0.18788135303780498 
32 -1.0690387482449817 -0.6255145665765833 2.315932111742754 0.8221122962648525 1.7412248368109144 -0.21819891991136187 -4.476937657502536 -3.0842407297519 
10 1.6202743647828999 1.1312892296298172 -0.49110823761959993 -2.579067643785793 2.6982078310640825 -1.46931560913963 -1.2869756880281131 -0.9502175177917996 
33 0.5677135239903465 1.8358827927496448 -2.0906510265378637 -1.7075156800210958 0.3241885823276786 -0.6042746538971066 -1.5957419801901118 -1.4882027858752391 
11 -0.22411563930791895 2.741634259714357 -1.1754331558087878 0.7560311331017695 2.011600132863757 -1.5930739701243684 -3.426377648052456 -2.605584347722949 
34 -2.498107737266706 1.9626856230279317 1.093664525664035 -0.09035001104712977 -1.8626005645673356 -1.8241513236996865 -2.701000704703346 -0.5743060530292442 
12 -2.4149576236494594 3.381676092704387 -0.6525215488610195 -0.2906347148408603 3.3632992625978884 -1.9198774743139766 -0.9118158121503742 0.05333405073326181 
13 -4.985500743529543 0.3700881156885465 2.7067757044212937 -1.2930333455888992 2.438835956886231 -0.33136407098434817 -1.8703816867830785 -0.5928875259897508 
35 1.0401566434936842 1.575597342768328 3.082446480451369 -2.8975846146818642 -1.4674209656716246 -1.8350596701288429 -2.3856702712949307 -3.0204804672401857 
36 -0.6853525842259066 1.2068155007034485 1.0694009300191132 -3.1221388358874584 0.5723058520844541 -3.0779172416200495 0.5162945564845394 1.3127941607147 
37 -0.1492741489712973 2.1374562629012885 -0.7524393805797408 -1.804256901848912 1.3670948861949066 0.6422371598677223 -2.160671494752774 -1.8943623907705258 
15 -1.3985579704112157 2.357525510708012 1.2709135825981952 -1.0512102476776066 -0.012356058535073107 -1.1473750356795387 -0.9266891854945093 -2.6597689721311437 
16 -0.9484352661673215 -0.1710074763832966 1.655254997010208 -1.19514301543358 3.076147617153105 -1.071760109802235 -0.6004739439844887 0.8442973517589637 
38 -0.6504689569678198 1.9802871897110788 1.0835320662514294 -0.9693327549452284 2.744875403766967 0.3568301827245387 0.36027797872080614 -0.8549129982654881 
17 0.9814392885050051 3.4614937378972113 2.3194787006232036 -1.2350314646504252 0.2511165965394286 0.5299873153625178 -2.7833784842171 2.040940168721774 
39 -2.7726956963314078 3.028470335352498 -0.10477790291659679 -0.7651502113596661 0.1197385380184149 -1.234477904660536 -1.0737767256718078 0.24716979130574235 
18 -0.6497248759229836 -1.4595394549566216 2.483912769591235 -1.4560790418647906 0.2195545692755124 -2.7039174867226095 -1.5378717991545563 0.21694551194559003 
19 -1.653623403960944 1.181941166946169 2.182919974468837 1.4182557829043352 1.6552729580978633 -2.107411566837358 0.0829084956205851 -1.851599264909407 
1 0.2712716873495928 2.6950656602454908 2.673483635792376 0.2688494825600159 3.3622973255793336 0.2177504745181828 -2.730150626746351 -1.0261395002724387 
3 -0.9806763332631501 2.149478611700225 1.5902707528040074 0.9194944343341863 0.10723077372222442 -2.391315453180584 -3.138499808019903 0.09421600557811664 
4 0.5544412445779978 0.8816549512105964 -0.5011820262468677 0.7800762007975703 4.345847527593045 -3.314942992762234 -1.0360823705189377 -1.7081826173184365 
5 -0.9801901164116572 2.1456827125460713 1.5897224026186196 0.9155729017769705 0.10811468397519354 -2.406726406955554 -3.1336761852888086 0.11071874957726491 
6 1.070690380948833 -1.1714314934714825 2.562532425656393 -4.049832060766575 2.5777735838942495 0.10487024528139034 -3.244157018750821 -2.041940127103272 
7 -0.7293862351328481 1.8245827612436398 1.3296607064057908 -2.8800964318090823 0.7323285602049483 -0.5598554864952162 -2.837218739439438 1.2253518521209361 
9 1.5947047709574529 2.6655659299605525 1.2956354784406103 -0.8165085463116319 1.1052450172118444 -2.4853433919386636 -0.647462927011106 0.1721281113563615 
40 -0.6034911911805313 -0.683852496809544 2.435111872554412 -1.4308564641686279 1.1040530651577716 -1.8767289414082413 -1.036406553528434 0.6089110256219894 
41 -0.5004603511443035 0.9376245906691802 -1.924249474784691 -2.6915905125911945 -0.6918832962871357 -3.3610813994925195 -2.7266275389908374 0.47828521977304783 
42 -0.14628658747227186 2.0699346349342984 0.8909748461332228 -0.8485594922012885 0.04825289643941363 -4.609913135868584 1.111036686786853 -2.0776503294221254 
21 2.4275957809280215 0.7150573165379515 3.5287116743786484 0.364697193164131 1.6705066018235701 -2.3529506423891884 -1.6606923164478513 -1.0432870469558033 
43 -1.6912166057420652 0.15196262290335777 -1.0889367821941456 -0.09162362930618184 2.375936360857984 -0.8547003961401155 -4.336397409855203 1.1066332790893727 
