44 8
44 -0.948579710217453 -1.4382205539515103 0.6955630209296377 0.5429199806102015 1.8185426655555859 -1.9901991130258687 -0.18256446390613024 1.111593466433703 
22 -0.03132344716300621 0.011835663076730674 0.021879210194873544 -0.006885175552567235 -0.0316433939140609 -0.0022351226283005565 0.06192592990231105 0.03966456092800637 
23 -2.1497276856268956 -0.012248794657575831 -1.633151742014481 0.759713353535058 2.822452733403626 -0.9202350150493248 -3.098153201007185 -0.09748726399422859 
24 -2.035461666439716 -0.32339111548320176 -2.8824612701233603 -0.875331429644299 2.8106804003569565 -1.4331138978211018 -0.024617202161931542 -0.0805989344420182 
46 1.2515152005779444 0.903568257517945 -2.033302547532079 -0.20970671965308615 -1.8149782088714272 -2.299853149260403 -1.4385342046451606 1.8507063353778723 
25 -2.330079314514619 1.8357639851826089 -0.6656876265619841 3.1988090855968334 0.02127241659186569 -3.5320046493625785 -0.29574543029082323 -1.4568525254295237 
47 -0.70104994600721 1.0255445996504875 -3.8350569093965916 3.381175002937881 1.3769663717186376 -1.1726120079941695 -0.14620923162752994 1.4798671925878621 
26 -0.029268297930077763 -0.03593646175155764 -0.025378863907837473 -0.04135994288082903 0.03235704084474446 0.023643381218047224 -0.0340913762633972 0.029090783769805104 
48 -3.1320389637053063 1.9004081906785957 -3.133826177217937 -1.4194241747615963 -2.3383601739092743 -2.0696313218490947 1.2813091447249036 1.7007420674122562 
49 -0.38472744945362447 -2.201759616588896 -0.9574298235639876 -0.18993589845365458 -0.175154656174919 -1.9537076671524298 -0.8566753363740209 1.598020868093226 
27 -2.370723016522491 -0.32030175751878115 -2.2701207165809483 -1.0566607396216847 0.661160793111514 -1.5622570469994408 -2.780922452113516 -3.892564100289263 
28 0.4319831711549747 -1.0955481987064157 -2.3364598224427193 1.1305825298029104 0.8352046325353163 0.22877035706876228 -3.4069935903352753 0.008371446903586058 
29 -1.8862758924156486 1.4719183735111345 0.20981138871858157 -2.4149724689938745 1.494075806158777 -2.0172598591301676 -1.3745078212335828 0.1495844362198419 
50 1.2123020588600097 -0.15640800296340238 -2.3363948149519764 1.0214373462520898 1.9671253097505221 -0.8003195861454927 -2.1571321953017897 0.4877304507215869 
30 -0.5453957718015926 -2.6949420029703335 -2.274855973121405 1.7844487700579985 0.31542364189852684 -4.7276800680712245 -0.7923982319762456 -2.1940256658518322 
31 -2.1593082531430126 3.8405433608430135 -1.5701142532883026 1.6330717190876372 0.4357187162742099 -1.6429902757203325 -2.6372742634061046 -0.6781951525797113 
10 -0.5889258074772225 0.6049842440558243 -0.4997843079225261 0.296449582749405 2.1691346467485473 -2.374300177191778 -3.4207941968030773 -1.716779862746645 
32 0.23098590691843798 1.9789101003812408 -0.11860508499960837 0.08107934273555384 2.1704348683549126 -2.951677277326283 1.2490847851087286 1.7540260168947055 
33 -3.3885332444633636 0.48418966693217985 -0.8019783397671176 1.6630254065199446 -0.5162274571231991 -0.5644343318808847 -1.8896424299335615 1.495596742708913 
11 -0.8939601550468254 -0.3748361806950934 -1.4249688906582936 -0.8423002749309612 0.8864238256149052 -2.7868359565630603 -0.726287152565914 -1.9948762090213095 
34 -1.2045493322442975 -0.15069246534154104 -2.495371748493222 -0.898834298932532 1.6229391234604393 -1.6800044360455682 0.5306547565077475 -0.5716948417836382 
12 -1.0151317577734351 1.0276588327421918 -2.319363676647967 -0.4176352598238888 -0.4812239704798749 -1.5484546499947898 -0.07062617403214036 -0.3894968611004086 
13 -0.38462498507040166 -2.536626526283086 -0.23953730667798184 -0.07592066037982882 -0.06472522865030426 -2.9281232189456565 -1.7435556433694421 1.5746857775659413 
35 -0.6925846523014356 -1.8147566827430572 -3.8764440142216907 -0.26797399791175347 -2.5272739328586686 -2.7457100236760574 0.1834401345966558 -2.5541653671923257 
36 -0.49609523312692133 2.9427625193995537 0.25545309734057187 -0.8702545116834394 0.2646486845320484 -5.409065286796717 -0.5450310918118338 0.4753733792839485 
37 -2.256975974937679 1.4129924740987196 -0.20723632575418488 1.1625429086776662 1.9840966122758008 -1.3568333180594634 -0.4722381612599412 3.02529258931363 
15 -1.2989984578828917 0.684915753008221 0.8605056473035232 0.6811705578850619 2.7839456681641988 -4.224135203533214 -2.9851466422787554 2.0640684158718114 
16 -1.8676192324219876 0.2556546272877322 -0.8170429218711713 -1.9713449321825554 -0.7824737497360936 -0.9931414208791218 -4.384254937097556 0.7071552771021936 
38 1.6355371028529997 1.7451810910426657 -1.7686910714216617 -0.43779533158539985 -1.3684024529189225 -2.433521338907572 -0.8510967534655994 -0.30499240074953515 
17 0.20587073332747405 2.9906741834957873 -1.572792527238678 0.09383891304232542 0.6420012954982623 -1.6552917120122916 -1.1569559811325072 -1.5829991958064618 
18 -1.6019202400831876 0.017776492700281303 0.9497622933005906 -0.7904584206165366 -1.2806658091291332 -3.538427138421552 -1.5271418020669667 0.07852717267445272 
19 0.03887024568970704 1.475353327056745 -1.3085501873871053 -1.6984016726408653 1.2968761984901016 -1.367115548492655 -2.0844091175130486 1.7144576351534306 
1 0.7661162975319539 -1.2432676173301052 -2.5568540183587025 -0.6520198198110903 0.259282335763073 -1.6631091753516603 -2.201890576856535 0.41090736783093196 
2 1.3837710746209249 1.7381239863922553 -3.7518392292260603 0.6208806319680515 -0.08742870944658511 -2.063707093654754 -5.125166936472979 -0.1061667562982184 
3 -3.3173265231419387 0.25996774817201307 -1.099921027281446 0.667183918533629 -0.06573910588699391 -3.264194470614076 0.8550995387761627 2.0490277776073698 
5 -0.9756122837830713 0.34050502378426784 -2.0877000109977146 -1.0143281484998454 0.2635249990656098 -2.638368640166195 -0.30556362461598235 3.307677261325376 
6 1.386642357551468 1.1662128134250753 -1.7483619247603468 1.467661053675827 1.6711115900518991 -3.4371113767951798 -0.41943497906316 -0.11537528468476604 
7 0.524338484390883 0.6009133838029481 -0.011030730433747532 2.2748482554577683 -1.538282875430761 -4.232878850529002 -3.8404209763021373 -0.992728583411655 
8 -3.3272667449011544 -1.7166813582346434 -2.682822115580802 0.9489649589642262 0.8072287408779674 -1.0555793699606812 -1.7331226233153938 0.8852488780572441 
9 -1.474589801754405 -0.017739866840131274 -3.4637450249996258 1.9544896603516917 -4.0598395537493115 -3.078287043495404 -1.5739395102674094 0.9938937847025805 
40 0.3571465836353116 1.4318740961922498 1.416419903333615 1.8466426630218429 0.4594905368029934 -2.683808105202586 -3.3893548169625927 0.8104497117726709 
41 -3.003200920987441 -0.5404528848060469 0.07545870902550408 2.0820766556699293 0.5181161702537439 -1.490915792146218 -1.0937118114939466 -1.5542833354281433 
21 0.3538028060685338 -1.3993895563264882 -0.8437726109433031 2.7307025799215308 -0.6809862173811781 -3.285682534501862 -0.27212989020250333 1.4195153521696162 
43 -0.6859463672362487 1.2961474224147957 -2.8955265433427937 3.134436324229848 1.3182876705960282 -1.372246988331256 -0.7638459483780259 2.056773901281686 
