41 8
44 1.2711397281234806 -0.5731233435486172 0.15039605282334645 0.0065693109167746025 4.817353416736273 -3.108934466787174 0.31878919869599137 -0.4382583716571941 
22 -0.7577181838630151 3.3984610616160915 0.2602678576038806 -0.9886639702162098 0.9114622800076675 -5.869965829642525 -0.5048353170049719 0.37539618263490115 
23 -0.6618746618871647 0.9074722310636425 -1.5208968761956345 -2.4937920688498623 1.833083349161134 -2.2700687542957327 -0.5268132871044071 -2.6577386943948653 
45 1.3161373430992456 0.992986386414551 -0.7002129822102224 -2.6473502207224415 4.39039182753076 -0.39202077672907426 -1.2846500691678442 1.8498397086462235 
24 -2.576777407741673 -1.0109295497163315 1.0255886945480146 -2.35970152789229 2.053364152045936 -1.15619126681313 -0.5882273007453134 -2.819887542665939 
46 -0.5941426927092894 1.8311579610142499 1.1893280466364449 -1.3273659366086887 2.741202160331481 0.29052014243681806 0.38426158675806016 -0.5638293639620697 
47 2.313420487414479 3.0633318250762263 0.34447437013010695 2.5858874839004 2.002906260501615 -0.6300121412163256 -1.8491107926329902 -1.7984951581472384 
26 2.2194445395800178 -1.025352635949411 -0.19788833861955982 -1.0513072935229362 1.0484975419422948 -3.614460701870309 -3.3819823388334225 -0.6597780397099717 
48 -2.5269263204613184 0.8391987557553264 -2.1172364784711615 -2.0566831779681274 3.608682932911757 -2.679669343671678 0.7060089977762938 -0.5134815309817994 
28 -2.3175054873366143 -1.5467403479962978 -0.47485603015978556 0.9512054658222608 1.7960153291471181 -3.8570247209405903 -2.4166082671998517 -0.6772967253395841 
50 -0.5743041018726784 -0.2356489387435399 -0.9692319594444367 0.20374263528022227 0.8343218036231972 -2.9265434720608408 -1.918854423706139 -3.0201306437879523 
30 -1.4239980585570424 3.9085197329703925 0.08450529110649778 -3.9329882104921827 2.4391876100447147 -0.17151825302133208 -2.910374014476377 -0.3444049641376586 
32 -1.159195484920001 -0.5032169109257845 2.453015416805855 0.8565213066085466 1.8526214471675324 -0.10940771091912477 -4.754419920627718 -3.1899863043807857 
10 1.6940917955477275 1.2251159953698303 -0.43954945992805006 -2.342038832877954 2.596736627796758 -1.1973570463722774 -1.2663113707534677 -1.004090246229545 
33 0.5224421680399358 1.8970418836424128 -2.0042272825533756 -1.8174155187360563 0.49848140261934554 -0.38874557936839266 -1.5946927882588389 -1.5637194531458098 
11 -0.04234532520331886 2.7791155665180316 -1.2885789676903756 0.9719486293555086 2.1504624766961196 -1.8305634864470541 -3.742380596728065 -2.6182152348184977 
34 -2.5574668507534652 2.2868869346658776 1.0466880760882944 -0.19497985893403097 -2.0303827310832374 -1.683870344163101 -2.871599892658863 -0.5199792089970291 
12 -2.365083612449975 3.651646200798763 -0.8393029845470096 -0.1330526298184314 3.5670564318258133 -2.106456125139513 -0.9859982188121332 -0.0029274297838179225 
13 -5.601308930819518 0.36110988480115164 2.864084670447216 -1.536546865353346 2.8459569180256907 -0.26486849934324164 -2.3523761287611276 -0.6132987635287064 
35 1.3645326227292882 1.624985905009729 3.255525173980631 -3.317171305891788 -1.498437057597163 -2.164313143503302 -2.5182321104995444 -3.27994857712298 
36 -0.7890599032854506 1.0006811194006866 1.0348357490330404 -3.0184535276052205 0.48969775351810885 -3.0324087342155184 0.41888660850285825 1.245028229296774 
37 -0.2642854777257692 1.9460551189717328 -0.5511309798424106 -1.6077814278361895 1.2116344461793533 0.8794303426026006 -2.4325824703424446 -2.140838629649035 
15 -1.1737550241291723 2.3269143475115937 1.3493556186606896 -1.0401968231204615 -0.13154127729191073 -1.1736928551905894 -1.116509703174093 -2.4829028910233393 
16 -0.9235129912315297 -0.16506479673935337 1.413564411852143 -1.2178722577498229 2.9901702491877478 -0.923167134397096 -0.6022090657696373 0.8849303811838702 
38 -0.5948437389609949 1.8083381986127331 1.180802507238293 -1.313555960647614 2.7367141640102957 0.2939034723218541 0.39333667047176657 -0.5574661415717722 
17 0.984258515128861 3.9679621614871743 2.486290945414058 -1.4468837851721104 0.3307252088640952 0.5500588023344142 -3.0628548835814584 2.2264754779345446 
39 -2.76434986421318 3.1129944740325834 -0.13068814329616651 -0.5730863014523477 0.23736372441782178 -1.1911733011344356 -1.133049529339003 0.26684244143903835 
18 -0.5738314747297676 -1.3094977316293845 2.6083005665935888 -1.1982665357902853 0.19181337261299072 -2.621111896237416 -1.5190279267502456 0.06777139391952447 
19 -1.6161806238203387 1.238520509638093 2.1794775519538496 1.153979452207239 1.5646389331083916 -2.006927575988566 -0.1014644549073753 -1.7016986816197526 
1 0.17153352247528622 2.7865835704540096 2.7655770304918392 0.3354593957443342 3.5245604145172553 0.33851777210680223 -3.016833863309681 -1.249282190747485 
3 -1.015348624380011 2.2031710499173895 1.6917092688623707 1.074329114148746 0.14968983023386903 -2.5477735978152682 -3.4063998264514335 0.09451691780203737 
4 0.5083571728146996 0.9586340794631265 -0.48546340253481235 1.1059633370687272 4.700692403764498 -3.624923541902496 -1.2268993495010814 -1.6979083366891898 
5 -1.018507210761909 2.198334263937947 1.6914588895397733 1.0693378688973807 0.1476932719144411 -2.5612688698379857 -3.4019061934200545 0.10801111306626127 
6 1.272755473945978 -1.2209679367842858 2.8651153516826406 -4.266722606499273 2.616336585559169 0.05547929323561897 -3.6356454265600564 -2.2832756898658726 
7 -0.5787144455384511 1.9468210625954014 1.2624158696118009 -2.678085851595846 0.7779163283509346 -0.4481566333698838 -2.9855883024976153 1.004719844671458 
9 1.3305257048719794 2.628860944673479 1.2993160742054461 -0.46192537456321037 1.0824057967938847 -2.355770646882152 -0.6082461616475421 0.29653869840914543 
40 -0.5948080613598072 -0.690090666301788 2.5079981764577504 -1.280213529399853 1.0856232547873024 -1.7685996956166028 -1.089232567091729 0.5235824606249946 
41 -0.5730854206083014 1.0733471406795834 -2.008949703726393 -2.657854690609192 -0.7590470266415644 -3.3756152503921046 -2.9658922983890355 0.5450299949186909 
42 -0.06758030910205791 1.9108085021515973 0.8052215338143472 -0.7646717693736959 0.08899747948101742 -4.687934987729006 1.0485829191132883 -2.1143578449453333 
21 2.6217613715110235 0.9895081466606397 3.2893501098935425 0.2795075563631819 1.6997731624061883 -2.1404077967945603 -1.6527508234301653 -1.1911952516110873 
43 -1.47216390146005 0.14355515836593444 -1.1089560789589874 0.008890231644100932 2.2519776216009206 -0.9203037869095312 -4.208896950937919 1.005313348660253 
