44 8
44 -0.9493705425200168 -1.4523804503381799 0.6707666519675883 0.5350714383558534 1.830450884730478 -2.0228137897488048 -0.2287684739600293 1.138762938767669 
22 -0.03132344716300621 0.011835663076730674 0.021879210194873544 -0.006885175552567235 -0.0316433939140609 -0.0022351226283005565 0.06192592990231105 0.03966456092800637 
23 -2.184141600175059 -0.030354702616710364 -1.6425767271089124 0.7497119860945157 2.860894462275294 -0.9020427604351495 -3.0990492484171033 -0.08323739267223207 
24 -2.044391409259999 -0.3154504372742256 -2.900226985211887 -0.8778224417659306 2.832496976996567 -1.481129687270663 -0.04691530000582359 -0.06040629782290078 
46 1.2427341750172982 0.9029746240105372 -2.04565310763926 -0.20353440202138615 -1.8251526181525712 -2.2988680416729306 -1.4436206465828776 1.8890090789098344 
25 -2.299762009039403 1.8393794515645236 -0.721608770256612 3.208615933064395 0.025188889383298413 -3.5919479485450005 -0.32546228635676616 -1.4306571044756362 
47 -0.7183287155546156 1.0351491526934942 -3.8560487427845462 3.4037929741904747 1.3894921404200207 -1.1735186172868788 -0.15241727826831186 1.4778710859311337 
26 -0.029268297930077763 -0.03593646175155764 -0.025378863907837473 -0.04135994288082903 0.03235704084474446 0.023643381218047224 -0.0340913762633972 0.029090783769805104 
48 -3.1649191515694373 1.9055798259350996 -3.1630221931921727 -1.4450696550034923 -2.3514856936413726 -2.099940292864845 1.29950155905176 1.7016866921038047 
49 -0.3690826906124379 -2.3127296402855984 -0.9132044972775784 -0.19608280273014003 -0.19811362654874506 -1.9334027660794424 -0.8363997875704392 1.6436953374847112 
27 -2.382374612088829 -0.3216662679048245 -2.287709461716698 -1.0469530197285748 0.648406878049756 -1.5832384701846025 -2.7927908635675682 -3.9339447208579785 
28 0.42605386167226644 -1.1148928529334168 -2.332430357013753 1.138980198114249 0.8144232134485929 0.2253230885789189 -3.484690023146278 -0.010857641510601396 
29 -1.902995536203183 1.460002903869142 0.21513311510264138 -2.4749561957824446 1.4875296735146313 -2.0145262353323696 -1.3859070677276792 0.13671356884818384 
50 1.2941290256065314 -0.16994270833630673 -2.339872445459701 1.0964590554706548 2.006967953071203 -0.7148792611218991 -2.1557016291298217 0.5106182420170071 
30 -0.5515387574131715 -2.7006228403652752 -2.291291494863481 1.8255021738124366 0.3109427499902986 -4.770432842621903 -0.8044735220904601 -2.227414761416147 
31 -2.160186222212332 3.9411439914883877 -1.546709845759888 1.649232427534948 0.45092759258479825 -1.5731077601784242 -2.6433118079956 -0.7147396283128882 
10 -0.5975465118825671 0.6156178342068479 -0.484984143339996 0.33528969161775857 2.18069184236031 -2.3526004170035346 -3.466946663515629 -1.680505253349909 
32 0.23044338260630223 1.9984019100665364 -0.15306749282947482 0.09175213747726223 2.157783587839639 -2.9685579606453896 1.223381632935808 1.7373076927414268 
33 -3.4040977147533154 0.489031736806737 -0.7733248555050923 1.6774639060478784 -0.5173750691170806 -0.5366068059309359 -1.8686590382119432 1.5383598124807814 
11 -0.840264364592392 -0.33968662818732653 -1.363256100224025 -0.902717459132675 0.9293281199200888 -2.7960553534600496 -0.7806363711561588 -2.1307940610998966 
34 -1.202367675023592 -0.17421069025746355 -2.498117239121606 -0.9243445329129161 1.646366573095216 -1.5949005975282913 0.597389726496759 -0.5835920161218914 
12 -1.0051517826055152 1.128598470301164 -2.3708583715341267 -0.46661490492920954 -0.5412198917431937 -1.520275651727264 -0.007382129432992365 -0.42746361145014505 
13 -0.409024207769563 -2.5500516189655418 -0.20491615677958563 -0.08015438713686762 -0.05399514175360706 -2.9777440074304313 -1.7495334477574456 1.5906722407188205 
35 -0.6873648235671806 -1.8221457286551526 -3.890389958108064 -0.27594590397956614 -2.5381638110463647 -2.7473013025976925 0.18480474944275516 -2.5561308570598738 
36 -0.5058371747835392 2.9760070945974664 0.2689201846817112 -0.8823149244891111 0.2761322255850055 -5.449703982608817 -0.5398745727001028 0.48507750059790666 
37 -2.253287169515657 1.422837125461917 -0.13202617878379727 1.184382815933218 2.0578811741529184 -1.3601824364745607 -0.3959000720197399 3.077717609739074 
15 -1.3084629255624607 0.7025320582216932 0.8748638334853208 0.6842590216208041 2.7832660084983147 -4.267302764437721 -3.013181663352398 2.077136854366578 
16 -1.8999516731543922 0.28738103582493174 -0.8614615291029812 -1.953220586428632 -0.7910423657993 -1.0600482677781513 -4.383912403918742 0.7104703551931281 
38 1.636810449972372 1.7451759486087903 -1.7801076741019135 -0.44385618298280866 -1.402177238667213 -2.439214332436913 -0.8662254579412012 -0.3135650174701185 
17 0.2445539799058709 2.9307941182358443 -1.616320230618061 0.06612951144799767 0.6300061668618058 -1.785194100581978 -1.1719226021181781 -1.585918889352742 
18 -1.63316611438223 0.042763237310313035 1.035323554074548 -0.8005166965708593 -1.3416267505086348 -3.5625164381177403 -1.473202406234133 0.04910063205121966 
19 0.022415466092332102 1.5208908988522016 -1.3184689568110346 -1.7004409670447846 1.300358560160669 -1.3562485123548382 -2.133123452227723 1.7204258585751697 
1 0.8246512166530908 -1.2695257231590686 -2.608149029343806 -0.686310723317327 0.2689515281992415 -1.6686340980370895 -2.2353028013995537 0.40717171410427855 
2 1.3821953467082388 1.770009965362873 -3.7853893206857707 0.6316928697175063 -0.0905629921502306 -2.0773072002149657 -5.169745938580144 -0.11438425203697654 
3 -3.3592130954249373 0.28070956429053023 -1.0837073605746657 0.7281945825960073 -0.07524117269893742 -3.281386305135778 0.8435827786373913 1.9833783159227238 
5 -0.9961994342224277 0.3704659663090057 -2.0969863524477765 -1.0139764851279012 0.2514829926934268 -2.6605617263185124 -0.2425841580902078 3.386793759530962 
6 1.4538579730614807 1.1665237841296838 -1.7474133802344245 1.48020409172553 1.6997785157026424 -3.443723636570891 -0.3859673511700856 -0.12705302581171152 
7 0.5313388569347747 0.6192519186303126 0.011506373199713888 2.2937112227376217 -1.543912024383249 -4.250137178040303 -3.8683173609851758 -1.007389385343827 
8 -3.3152395012199047 -1.69291257082038 -2.7204632186448476 0.9505990926562483 0.8220181146191603 -1.098395462991416 -1.7410275353619373 0.9048193620251228 
9 -1.4817999461875626 -0.047858797782963265 -3.4761561695521292 1.9968185785624935 -4.09782302312801 -3.1100585915779875 -1.612895661689207 1.0012145602146723 
40 0.3565166724762279 1.4276068654858234 1.4204516722967497 1.8492853393666149 0.4595780588716527 -2.69012071645352 -3.3950063432687316 0.8113623454758991 
41 -3.049559370888049 -0.5415861199410764 0.0783365381918431 2.1126262991970246 0.49749416744768254 -1.482816812821974 -1.116936963569354 -1.56942621091258 
21 0.3256193416918431 -1.4145196043797752 -0.8784014941305505 2.749958470129092 -0.6905678519208133 -3.3159063623996157 -0.28844469563668973 1.4372256827652765 
43 -0.6788563685881625 1.3064594251961144 -2.9088985309934627 3.163927647752235 1.3179743242903135 -1.3751566181816155 -0.7733483570273824 2.053048592943268 
