44 8
44 -0.9870952433363132 -1.400373831108455 0.6464932797872017 0.5371094850521745 1.837575726294328 -2.0469865667176097 -0.24870571496321797 1.072358373142039 
22 -0.03132344716300621 0.011835663076730674 0.021879210194873544 -0.006885175552567235 -0.0316433939140609 -0.0022351226283005565 0.06192592990231105 0.03966456092800637 
23 -2.2359657763899037 -0.06773404762530985 -1.6445897041762312 0.7362750382881754 2.8819289992977075 -0.8357401398174867 -3.056744201052337 -0.07073324980150944 
24 -1.998515499033055 -0.2896465761932486 -2.922696721088349 -0.903632791986321 2.8066440364842955 -1.4749635800051235 0.004743626343100992 -0.08869671945385257 
46 1.3096881567589542 0.9210234432092476 -2.0180255671893903 -0.22333468604063786 -1.871269129868004 -2.256534486692612 -1.4219593289096042 1.8873292690228534 
25 -2.3218989300672646 1.850641257331448 -0.647430320694109 3.243260356059347 0.005377477173487319 -3.5359456517740235 -0.25659760641810425 -1.4886897100725274 
47 -0.7087481306317204 1.027046401622122 -3.8408686408408594 3.3959559753058297 1.3867529543873625 -1.1679284443842501 -0.1461766707344611 1.4772887870149791 
26 -0.029268297930077763 -0.03593646175155764 -0.025378863907837473 -0.04135994288082903 0.03235704084474446 0.023643381218047224 -0.0340913762633972 0.029090783769805104 
48 -3.1525628870916766 1.9039475798762557 -3.1509331884732283 -1.4341164877716293 -2.3483079143252623 -2.088522293798485 1.2930839038145525 1.7014797064360805 
49 -0.3888646750941619 -2.218907344948381 -0.9541119877620886 -0.20011154037485018 -0.1768556234041778 -1.953188333354923 -0.8646240852103 1.6038223253947461 
27 -2.380084967205594 -0.32390490198683985 -2.2808860186797757 -1.050964263493143 0.654249331630956 -1.574937401857751 -2.7886480979937933 -3.9176465609479703 
28 0.41458266113766634 -1.118489301916243 -2.295310631324553 1.0964602970115822 0.7990379395538656 0.24465795238162202 -3.4876758461938864 -0.010564281703412079 
29 -1.8921541597157403 1.462793607432859 0.21407437326852266 -2.4468322507223847 1.489032657794681 -2.014909578795935 -1.3803053104830703 0.144737369691963 
50 1.2711585409354502 -0.1672494223347327 -2.3426732998749373 1.0766942175545864 1.9972428774618214 -0.7262787630879463 -2.15397418136044 0.5036389163233919 
30 -0.5481744273208627 -2.6989892037483405 -2.2837293096126743 1.8101745315153728 0.3126356364643179 -4.754003677935517 -0.8017078843411068 -2.2134269619740716 
31 -2.156147158210229 3.9231950263808697 -1.5491073838997664 1.646914937010337 0.44736980318437214 -1.5791707933900145 -2.638824908385212 -0.7107497674500677 
10 -0.5969223163964057 0.6034702362303825 -0.4838558397095713 0.33164430640082765 2.1970985047204166 -2.340411989352808 -3.465024828845863 -1.6935661511446543 
32 0.21811668759237765 1.997804834749899 -0.19396680287196905 0.07500723366268955 2.1257713231976214 -3.0033201846566295 1.1793927963658388 1.7098376543296196 
33 -3.380828231995172 0.502645554678281 -0.794937134764681 1.6582537182844141 -0.4929437645347689 -0.5539611241990966 -1.8774670706644971 1.550982970043319 
11 -0.8525867281821217 -0.30691745045467556 -1.3705056668288713 -0.882634609150138 0.9222998740416566 -2.7811337543702788 -0.802901793617668 -2.0385227887215165 
34 -1.2036514736287907 -0.1694453408062757 -2.497977632846584 -0.920606081725273 1.6438660752552294 -1.611787778683119 0.585870170962919 -0.5825876337206177 
12 -1.0022689863218237 1.0695408580718972 -2.331787006544467 -0.3950497018714299 -0.5508955794306273 -1.5489267445165837 -0.0807919628784988 -0.34434380088870853 
13 -0.4024538834004527 -2.5740931688514768 -0.15859366332901378 -0.10959045361583522 -0.07265810144578755 -2.960385713976645 -1.724538542452439 1.5923084810010504 
35 -0.6898343618807321 -1.8184983458316448 -3.8871079963927535 -0.2741063453863372 -2.5337372167222743 -2.7473603882400046 0.1828366084749577 -2.55576497444226 
36 -0.504086559819471 2.963338681677459 0.26164458406680463 -0.8775925486134503 0.273184049135479 -5.435036923726254 -0.542967095854067 0.483212803903041 
37 -2.2393542477441044 1.4143580130938236 -0.14300529815060084 1.1767683720190365 2.0454705203500976 -1.3505166561683593 -0.3977039303010365 3.0629476593999545 
15 -1.3048048157587688 0.6945503104169057 0.8706337114042434 0.6830919871045116 2.7842168131556613 -4.249499429884493 -3.000949493798138 2.0733432829767504 
16 -1.8832091788248908 0.2765095394619463 -0.8357352551498831 -1.9664170840795483 -0.7857841963572173 -1.0290554051724812 -4.3699011708969415 0.7076470726300355 
38 1.6498982654620686 1.7533588142442738 -1.760668371009927 -0.4464542499724681 -1.3936909613150092 -2.417513819258513 -0.8488695928044171 -0.3267081331779491 
17 0.23812285647882794 2.897532589686241 -1.6142856074372394 0.053435314343956576 0.6184104465776888 -1.8078190867100898 -1.1719573068260416 -1.5606684554805192 
18 -1.6201488201853307 0.062293177604740485 0.9947496980225196 -0.7879839464167195 -1.3140412239903614 -3.545638616670448 -1.4922903722340215 0.05162469327208538 
19 0.07324660527385238 1.5338128614248334 -1.293173798154973 -1.7288242991517295 1.323445753009845 -1.3237352596167375 -2.097567660363513 1.735395401289082 
1 0.7973749169765915 -1.25394173813303 -2.5779181147322614 -0.6712312386644472 0.2746302238684251 -1.6579330254585183 -2.2056525130580327 0.409278653338001 
2 1.3802389009741576 1.7572831038841858 -3.7763859767248213 0.6259489027040052 -0.08607101409745854 -2.072698448534401 -5.151768890437234 -0.1089001724740272 
3 -3.341689318449732 0.2693017442940517 -1.0961464903806775 0.7242437905559042 -0.059339973651509975 -3.290969560647717 0.8173903997619018 1.9665237719125959 
5 -0.9821080921048394 0.36310797299940734 -2.080364864319981 -1.0269759835890744 0.25579257450621945 -2.6316833027793205 -0.24625416198116654 3.378125612183385 
6 1.5043499892704475 1.1860993994520852 -1.7257141622130232 1.4883055602533368 1.705276582141817 -3.4173245801609564 -0.36336522799358967 -0.14822219375702417 
7 0.5321368711653724 0.6123381813824574 -6.491485873068154E-4 2.2909846268983762 -1.539470916198014 -4.243523567064878 -3.859236007218031 -1.0014725559258173 
8 -3.3488857823101568 -1.7462939730103617 -2.700638760535001 0.9702426898273 0.7830064476411709 -1.024222235131535 -1.7247663349087414 0.895774608185079 
9 -1.483165963315002 -0.03679025436225723 -3.472025014709263 1.980720091741128 -4.076512677602922 -3.1014497474587994 -1.5998317654286787 0.997925344089779 
40 0.3566471970144137 1.4286984742896252 1.4196552768476232 1.848682380345454 0.4600976257365795 -2.688294493282087 -3.393097298812727 0.8111475138425847 
41 -3.0750064946711495 -0.521510331674263 0.08248082716806439 2.120047677556145 0.4219014235805499 -1.4042807894263032 -1.1390150436783626 -1.5501647596028572 
21 0.34687923478311844 -1.4520746467911876 -0.836542565879063 2.7387351492648304 -0.6969702078213946 -3.283687954195802 -0.26369011708191226 1.4451908661980681 
43 -0.6814946662022642 1.3021020203248443 -2.9049566221435885 3.1531799896955985 1.3186705884934922 -1.374387748321861 -0.770879899521858 2.0544853316401643 
