41 8
44 1.2353606902465326 -0.6166434165909738 0.3625610716731725 0.12324972083274537 3.9239120602941395 -2.6746127260169255 0.25929380967717974 -0.27491945661450307 
22 -0.5841333279083818 2.833377935796547 0.03989054651016686 -0.8292642655497173 0.8957153652180448 -5.303398464606878 -0.5220011790652218 0.49547794821468255 
23 -0.5562492586256482 0.7394372130014688 -1.479875817288878 -2.8900494632600506 2.01067065632703 -1.8619962315058174 -1.0338000821876208 -2.6857881400404757 
45 0.9668558773954885 0.7786110967582076 -0.5057582530933411 -2.291873481637912 3.900019417286268 -0.27895366359346924 -1.1810159080705804 1.6716264936020568 
24 -2.6120575813980733 -1.0534168084261135 0.9234181617522147 -2.6434179428354003 1.8818393837552205 -1.2881905607176964 -0.4586969938559715 -3.154990984427866 
46 -0.6657245172682051 2.0611637837066943 1.0857479573490763 -0.8653052063122392 2.715942628489528 0.30309486065981295 0.26214296559967426 -0.9339329326098577 
47 2.3189491332373353 2.725554000936965 0.502303484858347 2.3095121803347873 1.7073007149928077 -0.35929324203666724 -1.5720736363226075 -1.8065677820101356 
26 2.532712184098219 -1.1143617150996863 0.02308996626064683 -1.129491437952903 1.1420259848759358 -4.062949104513491 -3.5766699118726377 -0.6793622189138204 
48 -2.244419056057347 0.6228670871915973 -1.8408395384035505 -1.7782178270965616 3.1525904235386646 -2.4836356123980106 0.5772439266143948 -0.4601111371911411 
28 -2.166241781877225 -1.7433568831384603 -0.5059031490793635 0.6464857655093967 1.6717524608852528 -3.72039150520963 -2.4526964746882665 -0.5092252319514112 
50 -0.7903256386791302 -0.24693602619592658 -0.6121457412108625 0.3466947289662483 0.8610513348695196 -3.2041821913548696 -1.6676759054098569 -2.411425416817359 
30 -0.9150508583766802 3.1076023200936596 0.00443684759688973 -3.3311797966635264 2.0490954142924536 -0.18138587849927923 -2.599092200480538 -0.05790917858322807 
32 -0.9542714130218445 -0.6407103146766107 2.185516302427123 0.7804053608436994 1.6341849181680186 -0.24323841159064621 -4.22049649290348 -2.989929826485428 
10 1.639841444746721 1.1218089625723877 -0.5127607235802478 -2.6452439923975257 2.798664326886585 -1.5206201856236146 -1.3680678814805287 -0.872232872243702 
33 0.6087878623617177 1.7424763095050424 -2.1331399495794803 -1.683435654030071 0.17426555982500444 -0.851772499277132 -1.5512859723787018 -1.317161654893015 
11 -0.2609207529017254 2.64202871432929 -1.0764645698532505 0.7094170290199044 1.964817218332988 -1.37281806138379 -3.111195083777284 -2.5359681384149146 
34 -2.3447927975457894 1.6922139647076384 1.1116950570604796 -0.012203305390891048 -1.7232097319042476 -1.7795479266115677 -2.488006314893429 -0.5988077781366805 
12 -2.3578550449204134 3.1568607300721645 -0.6110970375485237 -0.3595540847790029 3.16133628799822 -1.771963840137412 -0.8354974730887236 0.06881697039714625 
13 -4.6082568609805685 0.32808156687411705 2.568937382469423 -1.1598620985237815 2.2445968325969026 -0.3646166340375405 -1.5212029835681196 -0.6191649479799519 
35 0.9154716366264023 1.487244243146731 2.9702251770184396 -2.666972835397969 -1.4082546377378358 -1.6178140743477203 -2.298557529846958 -2.825090327008015 
36 -0.7065489517113126 1.2711516196747952 1.1955154684529161 -3.23245153038611 0.48840159268878347 -3.173702499773041 0.626627033079416 1.5493240805419803 
37 -0.07744488804918791 2.1655714009205718 -0.9498747512389806 -1.9078108151673234 1.3193978023768842 0.6758443444534467 -2.0248840464780575 -1.823455311854874 
15 -1.517790467721665 2.5125602558670908 1.2191702814551337 -1.1187246143104699 -0.03349471773251128 -1.1885791403445538 -0.8759358855816873 -2.852031610569794 
16 -1.0651141405608795 -0.2194374341515379 1.9358360847826224 -1.1821010563856462 3.318773099586886 -1.0787867258054142 -0.6285666780458835 0.9314985490856366 
38 -0.6577080665058652 2.08253218958569 1.0680661826708804 -0.8556509855327923 2.789185035891204 0.20399741458280932 0.08216983334254138 -0.9600110118755935 
17 0.9624529949079397 3.194961891599652 2.1454416113919157 -1.131914477164547 0.20718476660837137 0.5480444523816618 -2.586459604288533 1.9393170605453454 
39 -2.7543956039893662 2.8550064369012316 -0.03261032719123831 -0.8294686444659157 0.08677425892868051 -1.260667025407593 -1.0840913089871103 0.22684618796455558 
18 -0.7130446520731278 -1.4028375749132742 2.3447909240254328 -1.6444866961080384 0.458495820352783 -2.8250640304730354 -1.7963911225405103 0.192401761822608 
19 -1.7071620487360029 1.190910409850733 2.3074109318643465 1.4154761394341109 1.8962840460624644 -2.5140916302424197 0.07851990879721643 -1.9283915985050348 
1 0.37372380311722775 2.6393729491440534 2.523769210240207 0.20222477052684099 3.1974048137299254 0.19286392704576394 -2.520671897313437 -0.8933653589811362 
3 -1.0328465982280974 2.067043427374472 1.5384144806260671 0.809075034165558 0.044885147973509065 -2.30491472260629 -3.0072713189845164 0.03609827530580352 
4 0.5508735201084437 0.8226428463562493 -0.4898445366836616 0.6447668959714976 4.014541065276126 -3.024889629360489 -0.8800504803460443 -1.6662253057102123 
5 -1.0279613745791674 2.070475857547555 1.5381795008348107 0.8058563944173762 0.05511278844574477 -2.3283766252117477 -3.005445886786884 0.06923912889293156 
6 0.9136594641620307 -1.1518920245590423 2.3868727094731694 -3.833785019537987 2.447993484949503 0.14224161655279935 -2.926400492852761 -1.9179477044908844 
7 -0.7799454081701052 1.7602701147691378 1.3139535755577165 -2.900957170954702 0.6968389195902246 -0.7015754549208258 -2.7198911824625416 1.3649045673556073 
9 1.804845342566527 2.7537838557037326 1.364162583879747 -0.9691955295941916 1.1333332417058282 -2.5572594018190724 -0.5836780651016981 0.06031066961203418 
40 -0.5951431048872156 -0.7413506046589174 2.4438677560365454 -1.5398546666872606 1.08529834374954 -1.8445569658704712 -0.9169567870321021 0.7286073355465031 
41 -0.5142342654877927 0.9213849126173034 -1.7169649350462346 -2.692359828504909 -0.5261584450432337 -3.3655203279658688 -2.598622572535478 0.47879850310074595 
42 -0.20215140589027106 2.1788499153952436 0.9563321740189296 -0.8809537047413019 0.029211210930311336 -4.5792614122741835 1.115933597488776 -1.9311465197725293 
21 2.299585622301112 0.5708939373244483 3.541582409076839 0.36690980367856413 1.664795673557833 -2.362437078919369 -1.603287009841223 -0.9477234761152836 
43 -1.771709547058876 0.26172954795452885 -1.0546935489161244 -0.16296768757949476 2.4484516278439936 -0.8521454999796821 -4.399990248371514 1.1815512949216735 
