41 8
44 1.295092393292848 -0.5736607152988743 0.23970943516294033 0.03277536192163127 4.541189609050097 -2.9761820014675484 0.2616967314997196 -0.39956669425557007 
22 -0.6855357910526136 3.175255648743298 0.11870262548748443 -0.9320151054610916 0.9134448337311403 -5.67100238805144 -0.5154578207588275 0.4431658956718131 
23 -0.7543583333563785 0.7627291137308287 -1.4360628705909912 -2.5954271015236334 1.85402194590119 -2.0699991577615418 -0.7928422969100332 -2.632467714917342 
45 1.152571255787304 0.9849895708094676 -0.6566041436541733 -2.528480433201476 4.217029378403913 -0.3557051954060572 -1.2957308547299482 1.8226762841181352 
24 -2.5585653204540875 -1.0794946474001845 1.0835997787023328 -2.4420516675019828 2.0361319282860273 -1.2261537261755466 -0.48869315734616664 -2.8505644413045625 
46 -0.6227367702982565 1.9125081521552136 1.1251246913745974 -1.0969138481611262 2.691357322597099 0.33783779809153985 0.4208673911911808 -0.7509472600157557 
47 2.367555850786443 2.923106328843985 0.43092878399156537 2.5013126918043547 1.8711355633203361 -0.5362097664800056 -1.6931862974925207 -1.8512152543826734 
26 2.353212701906912 -1.1471426144982466 -0.1489686188919304 -1.0420837701028078 1.0698285484977221 -3.7567878329468347 -3.38820822186482 -0.673351474023044 
48 -2.4403379540116243 0.7871921355590585 -2.0258681643526177 -1.9822355803003024 3.4664907731524655 -2.6600894670627437 0.6206305676814492 -0.5014162512157976 
28 -2.2479008840223846 -1.6963941115286054 -0.48995027181692324 0.8656901208747229 1.689082945647865 -3.787786866170535 -2.400555302694303 -0.5276630229967619 
50 -0.7102261226097784 -0.30444557582087584 -0.9032621776733074 0.3751041200722637 0.8049552127347427 -3.0765421245918767 -1.767733532816783 -2.740846382512076 
30 -1.2127992439067037 3.5895785434942082 0.07226575303353049 -3.714362185352682 2.2605442012989654 -0.21481838773883602 -2.8200924725181853 -0.2584404648704707 
32 -1.1105156388514854 -0.5997798588425223 2.3874675216753527 0.828368116321493 1.7805598517769745 -0.17942882456610273 -4.594134249555331 -3.1258407003899475 
10 1.6501130036876186 1.1440737309408933 -0.49458360811828295 -2.476711882126342 2.623219134802261 -1.3239320702064217 -1.211188801670278 -0.9130582293613305 
33 0.5116240297291077 1.834684080874566 -1.885028147303061 -1.6932260406602404 0.4780201448193736 -0.5466974487120885 -1.6066594844022946 -1.5073103539268382 
11 -0.17364238506211463 2.7688725230267672 -1.2175928645234795 0.8342633547207117 2.046228160508674 -1.677495119199351 -3.5382300893233123 -2.62261258287381 
34 -2.654059513880087 2.133053478296869 1.0131319672146735 -0.07445326589714897 -2.077241427406325 -1.7162648742918594 -2.7052612994114407 -0.48842411434271604 
12 -2.4042264795839885 3.478943332993312 -0.7086543094490473 -0.2381751360735136 3.45633127091219 -1.9985741332163944 -0.9302002259431555 0.038918306119022285 
13 -5.202496913567019 0.3709869250807779 2.7686031774571633 -1.4007712231188025 2.5807450439062345 -0.2981833886048502 -2.041145320622322 -0.5993302252345275 
35 1.1266527435613376 1.6067358414784367 3.1410271992622585 -3.027415118486267 -1.498556165564155 -1.9408129624627208 -2.4295396994652743 -3.1126149516002255 
36 -0.6741473284326173 1.0894521980533574 0.9856195167057673 -3.083597368015033 0.458214658135502 -3.012407668873935 0.549610983892313 1.3421845402243384 
37 -0.14789648134641012 2.06638989441922 -0.7587586310664821 -1.7513725246108593 1.2655902564176817 0.7891952189065987 -2.23503765034544 -1.9739607465693563 
15 -1.2755605122631326 2.3032056299753467 1.2903449434869563 -1.0462156672202951 -0.10141373120136904 -1.0922979491620475 -0.9611340646947945 -2.588068879935555 
16 -0.9000213744956095 -0.21105606254473733 1.532955233060255 -1.1594485635299072 3.033262630478232 -0.9912004889009596 -0.5366366999495812 0.9307110489697034 
38 -0.6304941118818007 1.9241335989396755 1.1163235612193534 -1.0970199137581347 2.7453940265854024 0.27428290434595526 0.33303539059396514 -0.7736058405075983 
17 0.9766708837787348 3.618635175398418 2.386681648062494 -1.290782747158707 0.2805133899483602 0.5421103795156884 -2.906282890841724 2.0941245900203764 
39 -2.710160303726281 3.069902334270011 -0.08647311027144787 -0.7380606237979427 0.24348908355707236 -1.2646390301166703 -1.1404992030734145 0.21064099245767226 
18 -0.6305947604485272 -1.3722212129113218 2.499445563132967 -1.3561767311331385 0.18368589121456297 -2.6173326763574636 -1.4682942660403955 0.14414141849441325 
19 -1.6181136500063609 1.2057884893044144 2.127159357662749 1.2294507304024802 1.586262820442949 -2.041285595269585 -0.005805070032399225 -1.7718371647764901 
1 0.22501854920780107 2.7310164459123567 2.7282102847721563 0.302027965072265 3.4178022029924353 0.2567737925225517 -2.84027109760202 -1.109864272609461 
3 -0.9755581825075307 2.180782579106003 1.6219489746536906 0.972770079328701 0.1367763631677176 -2.4507864144381943 -3.2196078909277523 0.09928925335389194 
4 0.56942126835595 0.892941585030258 -0.5194250553162695 0.8627066204259992 4.475277482045864 -3.4314050255690827 -1.0933201510131036 -1.708988151265037 
5 -0.9688527486377284 2.1791375638294364 1.6224423449199363 0.9694812791165417 0.13685357176115232 -2.463594357624337 -3.2091643519681923 0.1151132101501611 
6 1.152196452459381 -1.1731340607854663 2.6529298473237546 -4.14867091458657 2.586185271128422 0.10049116879053742 -3.3890696029118756 -2.1290242741226972 
7 -0.6886786460630082 1.942373564009533 1.2493640381087632 -2.885870248001076 0.7320218320006017 -0.3633359336387542 -2.8612866960529746 1.1549843117042076 
9 1.4283668781543306 2.616251477861812 1.266711937478236 -0.7073136027964749 1.1120024082346538 -2.4564923368599314 -0.6521930924705449 0.2416422490521727 
40 -0.5883825373379852 -0.7751277094448723 2.5136073418014124 -1.4027228857637803 1.0490956806477174 -1.858095879506325 -1.0145249019548075 0.6444442173088559 
41 -0.5280850434809319 1.0039164022081895 -1.9771208149066282 -2.67384244536668 -0.6998808992727832 -3.3530429786640488 -2.8201522744403227 0.4559336750233027 
42 -0.11428173459111239 2.0016598939834047 0.8596876996874476 -0.8111965996781545 0.03815307171218818 -4.639686919056401 1.1537597256849537 -2.103572022005689 
21 2.4389182448291296 0.8481631715630267 3.411941865942805 0.3114144255914227 1.7200952056988803 -2.295248226316576 -1.722156096018476 -1.1058206450145907 
43 -1.5958730998122983 0.14236900224072724 -1.1004723115153479 -0.0710643993536171 2.304105766822396 -0.8284581966775807 -4.226547964131538 1.0341077922121105 
