41 8
44 1.2820882616003686 -0.5636699861513268 0.1664615418966221 0.016472897261809033 4.796176982857311 -3.0912110784989695 0.31009549805078335 -0.44229888063872896 
22 -0.7491361068251621 3.377850831015801 0.25616997134452274 -0.9869291203149324 0.9119846704148293 -5.851999285094994 -0.49869801688438037 0.39781963819782024 
23 -0.6769695751063187 0.8928487203382253 -1.4594068239273528 -2.4805486881831578 1.8324556161180894 -2.26142611102596 -0.586308530215192 -2.630071906886771 
45 1.2923914753548813 0.9909371750216328 -0.7052520054997796 -2.6219253534448312 4.37613878699977 -0.3807665110704994 -1.301347809645 1.8514141124956014 
24 -2.5455621584917316 -0.9837163983120234 1.0632778235096632 -2.335793404810926 2.061621423464392 -1.1997752913186173 -0.6204508330919409 -2.7827294980106 
46 -0.5955263566124717 1.8402366007643232 1.1887431678240497 -1.3019026827506157 2.733459133228107 0.28655927389122815 0.39097119314298573 -0.5791665172491375 
47 2.3009924359213074 3.054702761769639 0.334104416609329 2.569534342061125 1.9877517414408976 -0.6105757991604166 -1.8235296018706648 -1.8089529350330913 
26 2.1956671974790227 -1.0077568278700966 -0.1938424962593871 -1.0375799781239512 1.0754566010431599 -3.61829760574042 -3.383378195693842 -0.6918603104680712 
48 -2.5200500295567645 0.8409299992101407 -2.107830268207603 -2.0578404145160722 3.603260464766303 -2.683291921377853 0.6937765284806577 -0.5126239878778854 
28 -2.287970215226676 -1.5526427098866649 -0.4538300184163783 0.9102007334018515 1.7635420901154795 -3.823451637601036 -2.402440011597898 -0.6512094302777854 
50 -0.5861455700906766 -0.19626380087179157 -0.9104731718807109 0.1968461034029496 0.8603749839879665 -2.9388925650342683 -1.9021465467339906 -2.9471324644665327 
30 -1.3982068916681638 3.8767206658538855 0.08207954612638751 -3.9030422620286593 2.4168015107261263 -0.1748118810136249 -2.8944719704677246 -0.32732520527299 
32 -1.1523409255619914 -0.5182479022932553 2.452521854148716 0.8552668179936578 1.8432100152647628 -0.12095247457000255 -4.742513087386724 -3.1806144587945884 
10 1.6613327237106508 1.199243650447165 -0.40497433687571566 -2.3159580140671463 2.571893092006349 -1.207451056633267 -1.2429826329843527 -0.9869539247692807 
33 0.5032720479274343 1.876365466932208 -1.9202753341450722 -1.766304053593015 0.5369208440946804 -0.4414204791421834 -1.5842424412398741 -1.5453085070376436 
11 -0.06307922819729483 2.7813554367361957 -1.276021171318249 0.9536910466304398 2.135864986317234 -1.8196072818421105 -3.7231911388727736 -2.6194113751160453 
34 -2.5992651494666497 2.2849071549339657 1.0405477206712492 -0.16138762936262435 -2.0707155447670664 -1.6654595723037133 -2.824743415247732 -0.5025164179495138 
12 -2.375011244293308 3.6240093946850602 -0.8218344654260167 -0.14699526939072458 3.567294986258248 -2.0949164194478422 -0.9800850096194552 -1.580437279566235E-5 
13 -5.561633789817711 0.3660189417321256 2.8501755212580138 -1.5248642937104544 2.829464284137312 -0.2574557094664803 -2.3142683878459995 -0.6135862983353677 
35 1.3306458182588308 1.622781344993443 3.247757031278951 -3.2769065989100588 -1.5079441286654278 -2.1397939199552645 -2.505277346090727 -3.2617102362825716 
36 -0.7467847388101304 1.0494821967287493 0.9987098188285803 -3.0006178239001375 0.5016156689791498 -3.00805747759789 0.4084786728017961 1.2212394121499568 
37 -0.24059211163780972 1.9539161968491308 -0.5862356309335319 -1.625458157416243 1.200841341947252 0.8535112033160879 -2.413866045274957 -2.1249494789157577 
15 -1.200385925276121 2.3390075262626633 1.2957825611205573 -1.016348945864707 -0.1783564512986906 -1.0802497316867126 -1.0583140924865677 -2.5044994830275056 
16 -0.8874570883442918 -0.0782554729513523 1.4141108401214 -1.1992233070837317 2.917189306887298 -1.004157295800514 -0.6511726152241161 0.8084520608746061 
38 -0.5942259962567858 1.8082289111657355 1.1702227861886398 -1.2812959386915592 2.7193663744455034 0.26919091645591026 0.3740800519505376 -0.5708409869939931 
17 0.9866701680619137 3.925249002987276 2.480813219232644 -1.4243164313675407 0.3274104886682467 0.5459973343835267 -3.046700262013448 2.2178216917441986 
39 -2.7043641893325963 3.090382906513533 -0.09882412589491606 -0.6221503309241608 0.30422886475828564 -1.2282703083069615 -1.176574314295673 0.22322912594468258 
18 -0.5913491746712937 -1.2063888080373326 2.5173250981660966 -1.2075607031691842 0.2677866577724987 -2.6137506856682897 -1.5614812737844153 -0.00639546528242083 
19 -1.5979635630608882 1.210307954356942 2.1576346113704847 1.1787535528745015 1.488623045063594 -2.034480514029283 -0.02756879003221779 -1.7086222236464628 
1 0.16874299071924242 2.7849320810679705 2.761051298567004 0.3336698994665228 3.510645315057708 0.33389768319598584 -3.000611131378316 -1.2396873427020865 
3 -1.007463308095795 2.20620364342222 1.684413947618116 1.060933020054412 0.1606160350500892 -2.5416664167297367 -3.385286067603678 0.09490894072158892 
4 0.5173276157477948 0.9581063187925295 -0.49506325576008203 1.070377750707961 4.676351454515255 -3.6062613379211754 -1.2199439174507147 -1.705135894195791 
5 -1.0106146609420787 2.2017320089366303 1.683397889465622 1.0553460710423526 0.15858610320556488 -2.554275729648608 -3.3790042766382107 0.10886048514246348 
6 1.2561225719368934 -1.2150897047317257 2.8397951286223244 -4.259747345599527 2.6181957240632765 0.06542596960839184 -3.6108785255127698 -2.2666286062557757 
7 -0.6034201824538636 1.9498023690666775 1.2304568489386511 -2.699663383550841 0.7976614161677027 -0.4472148560264457 -2.9292943845126933 0.9850255006186918 
9 1.3435911665607412 2.603115870102892 1.2801923136291318 -0.47505965250364524 1.0925550239778532 -2.3267787543609693 -0.6393971912286076 0.2868867586733817 
40 -0.5867799165997457 -0.7375338906896295 2.51311359852324 -1.3098178045105544 1.0448435246826353 -1.768721546394607 -1.0473720270472047 0.5713910544171666 
41 -0.5735543293819065 1.0832602869636352 -1.9665256235435793 -2.629801325652657 -0.7057822495368222 -3.353626121562413 -2.9580406230458913 0.481773508195724 
42 -0.05204880338464461 1.932554789203526 0.8038658832953182 -0.7733244834591283 0.09609044999503576 -4.648367911513109 1.0427209606094374 -2.1019664191890155 
21 2.619836725474841 0.9664054516330209 3.2851173168433356 0.3062426431677254 1.6932209825436406 -2.134114928034407 -1.654601762527587 -1.180222283020895 
43 -1.47982221053801 0.1431341780033456 -1.0910938388153877 -0.014252263062126607 2.2556838851382284 -0.9093405077354834 -4.185972576278245 1.0095961920921657 
