41 8
44 1.301249613883455 -0.5606004181373755 0.2064372350093278 0.023651286436126732 4.650947526861178 -3.0171515593409097 0.26337343402513863 -0.42331353496827034 
22 -0.7058117921613466 3.2670092773274995 0.1789088406139696 -0.9580167718603319 0.9199217717496979 -5.746092641505856 -0.5142287399781837 0.4253927942402758 
23 -0.7033923901965607 0.8108496462767443 -1.4460348546035606 -2.5299607515663673 1.8336364066434192 -2.1191125261122865 -0.7051940338581645 -2.618310382544598 
45 1.1944880239972877 1.0024251292019677 -0.6888222432520975 -2.5520384768045377 4.2851092579821195 -0.3694512128015814 -1.305180527761633 1.8428974856187457 
24 -2.5762234867942437 -1.088916071860077 1.039447286155618 -2.418427945482869 2.064250085953817 -1.1752499399375536 -0.5073946978601217 -2.822793959028271 
46 -0.6147193192369135 1.8676566325589852 1.1494003026887287 -1.1904238878619977 2.700266540486904 0.2514959606173442 0.3519304410409726 -0.6770481505203432 
47 2.319554928760902 2.9793268620523716 0.39044838879487875 2.5083703898297522 1.925501268022162 -0.5768471398316999 -1.7599754767963673 -1.8395356546414006 
26 2.2808932637963957 -1.1691242144268335 -0.16860927991633948 -0.9997029600219715 1.035243828603447 -3.6936468499780757 -3.3593488197043913 -0.6657270588889259 
48 -2.4742108123953646 0.81440656495597 -2.0618003493980255 -2.023093729878698 3.527624486169726 -2.676561281100657 0.6507455169315756 -0.5048408341594204 
28 -2.281326893738348 -1.7361976432023554 -0.5507344073394821 0.9848306830947162 1.658156688589796 -3.7557971645476282 -2.3576183122749748 -0.5629030100673812 
50 -0.6527433980607212 -0.18506017718781345 -0.8366984673195874 0.24117217896835713 0.8788780619453148 -3.013555728789868 -1.8400822094706237 -2.786635929932332 
30 -1.2898643428221324 3.7281677855884796 0.058478320666835226 -3.8091033237703424 2.3136512689159394 -0.16283186796364957 -2.8404832292288784 -0.28846769862841687 
32 -1.123646692271257 -0.5722158654199547 2.4202750871347933 0.8349777182106496 1.806027949409878 -0.15145814633608834 -4.658374071183289 -3.1481600435794377 
10 1.6751964587750552 1.1395617676910526 -0.5283146379078758 -2.414385084672526 2.582415928788801 -1.2177268518440403 -1.1405187338278366 -0.9407652723816733 
33 0.5392057560138331 1.823348915096648 -1.967481449841246 -1.7116090411976794 0.43044841402977824 -0.4125427872999131 -1.568373852176145 -1.534596530680914 
11 -0.14212227901962063 2.7763443345669123 -1.2422274137509548 0.8738797201411285 2.0727563290019724 -1.7564554142958535 -3.628543447661586 -2.6231550782209063 
34 -2.5115010486072853 2.1313978913195957 1.0768127129687406 -0.1672211877362617 -1.9663285959904429 -1.7433938362239956 -2.8210584908481646 -0.5636097385106953 
12 -2.3978326215312165 3.536812515274789 -0.7487355708814141 -0.20392982537047516 3.519976487816145 -2.0550733493897715 -0.9491672209359839 0.024279444550076214 
13 -5.338799605998207 0.3742012467971856 2.800724046528314 -1.4485440203227218 2.67143396017407 -0.27368812244950713 -2.1520647972765254 -0.6020712094815025 
35 1.2030405642842545 1.6185677533856064 3.1862794367366423 -3.121427714257913 -1.5038784600828106 -2.0123550269120276 -2.456991204017504 -3.181487550612007 
36 -0.6892345848482024 1.030636801397836 1.008296880907314 -3.0645141265882474 0.4335648664764526 -3.0209511575573025 0.49762495298492254 1.3333438594925833 
37 -0.17633218605233664 2.0034428849612946 -0.6677531339301271 -1.691167591463199 1.242617932745269 0.8032337756763861 -2.292180666654934 -2.0196031434917394 
15 -1.2283138269250469 2.281485721616404 1.2808027550462397 -1.046593278475692 -0.09067943554413134 -1.1140282094409906 -1.020705406478674 -2.5311991463343 
16 -0.9503436788249814 -0.11248936696720825 1.457132726918646 -1.1999308809333238 2.922116424706152 -1.0431310152786937 -0.637638640056164 0.7814268643965333 
38 -0.6171995372044082 1.8487915087933526 1.1144426731301746 -1.1805228058030093 2.7144008949156726 0.1815459912216547 0.24835750223535627 -0.6933215687204719 
17 0.9769454658617124 3.7299758303369814 2.4243580811236694 -1.341016806664842 0.30076958586313557 0.5450542064173342 -2.9622869475048312 2.151475162783207 
39 -2.7234943835236463 3.1082086754244664 -0.09179200549802234 -0.6946672338972257 0.2788729598549568 -1.2601690153455305 -1.171627470726551 0.20684983603341783 
18 -0.5886903996438543 -1.2649836375954089 2.437451522426 -1.2540811707469723 0.2671262703304948 -2.632756059165262 -1.5610807308813568 0.014603945606856412 
19 -1.567350927930182 1.2456034785174912 2.0804038147212256 1.0043797398399288 1.5662715805386425 -2.0983559796002216 -0.15058111073624836 -1.7298788106668865 
1 0.19960133384392326 2.756496412984028 2.7426695309811686 0.3212910002511644 3.4480779334780265 0.29313667206376204 -2.9039433434752118 -1.1649030528792188 
3 -0.9877905984194022 2.1926448861728334 1.6430529571682202 1.0098729199186978 0.14587301057553162 -2.4891894709732476 -3.2787759144995174 0.0958271026699385 
4 0.5609045298843416 0.9171691368377675 -0.520657639432088 0.9395233834280434 4.549509216934516 -3.5046132118810753 -1.1455648433303784 -1.713011753883949 
5 -0.9835406247216332 2.1910844980975823 1.6455508463068163 1.0077510976862127 0.14692263327936583 -2.503977492162316 -3.272027324287337 0.11052925709032826 
6 1.2016397700162964 -1.1760881670632348 2.7171623779086875 -4.198695902722667 2.5929460731953533 0.0874702003000691 -3.483924880694631 -2.188400424946028 
7 -0.6414024074604548 1.8439288082479792 1.3142190948215084 -2.7108553983741666 0.8173249020786066 -0.598085697553694 -2.914333322831833 0.9974069521876094 
9 1.4103477808505873 2.586301147079834 1.2606366745680435 -0.5872996984784482 1.1132668040185147 -2.351651088213925 -0.6689173177901377 0.2622859103170164 
40 -0.5762521128615523 -0.7435468191373408 2.491725359955951 -1.3701610949352125 1.041673749091987 -1.8082915925545286 -1.01265073279969 0.6199697819398627 
41 -0.5382019773090736 1.0195453633179672 -1.9991930044559916 -2.67008812505225 -0.7322559408457204 -3.3408774936153662 -2.8450013838172135 0.49161854666447413 
42 -0.07768757801253687 1.9649303796833655 0.8279289029872021 -0.7829914082786853 0.03604365981241317 -4.640044327907844 1.1490613708545168 -2.1088604496734793 
21 2.530078892522736 0.8808989128063883 3.364379724651944 0.3418079699405242 1.6914165970613324 -2.1835915297158306 -1.6753442223035424 -1.1178736163255056 
43 -1.5402244825182358 0.13692725430060299 -1.075606923307903 -0.08147909632263135 2.2835253169779084 -0.8842902136349395 -4.187827994982674 0.9936517202289877 
