44 8
44 -0.971185766615763 -1.4500954036790425 0.6578345929417684 0.5356077119122212 1.8382267624665374 -2.0506370904465596 -0.2615569193890284 1.1156446567101492 
22 -0.03132344716300621 0.011835663076730674 0.021879210194873544 -0.006885175552567235 -0.0316433939140609 -0.0022351226283005565 0.06192592990231105 0.03966456092800637 
23 -2.1858925454239486 -0.033698924881109434 -1.6396566091593108 0.7512411246009968 2.8728612854120845 -0.8921992949665912 -3.1106066527975877 -0.08926218051775797 
24 -2.0451708556820827 -0.3133372234209295 -2.9185345588105562 -0.8962579956294611 2.8462850579127577 -1.4796162811045397 -0.021005612428823525 -0.06390654828003997 
46 1.2325382085696668 0.8977585444864051 -2.0502406027381452 -0.20110795940418666 -1.820458418119366 -2.3047243896753633 -1.4479400879334232 1.8966714602908168 
25 -2.29903159998247 1.841496342705837 -0.7205908589121546 3.221891276515679 0.020402766588465716 -3.594112627699161 -0.31844255414603584 -1.4390549053616122 
47 -0.7213475097868055 1.0339747665490713 -3.8655923110858557 3.407779862886304 1.398074809456416 -1.1715103329257464 -0.16279873190768715 1.4809910442144127 
26 -0.029268297930077763 -0.03593646175155764 -0.025378863907837473 -0.04135994288082903 0.03235704084474446 0.023643381218047224 -0.0340913762633972 0.029090783769805104 
48 -3.1687455865827574 1.9065998903146049 -3.1699724236068105 -1.4487302404817957 -2.3515929501665798 -2.1032407063506895 1.3031814740716001 1.7012605150527005 
49 -0.37110123334629613 -2.333723911880158 -0.9152928560215269 -0.19740167099811093 -0.2003826526008803 -1.9434815573024748 -0.8437410099217934 1.6570223989418322 
27 -2.3835541138580107 -0.32021724154621284 -2.2906561200051296 -1.0449121679349598 0.6455475113927057 -1.5881447502815507 -2.794975599339369 -3.9411911515294893 
28 0.39329424700410737 -1.1164515823064574 -2.314857862105047 1.1041273338409845 0.794998706054912 0.17317770404061048 -3.5236850625506215 -0.017101317422911173 
29 -1.9065068120217292 1.453413157962339 0.19445676144282703 -2.466768156993639 1.4851846157701811 -2.0400171365417537 -1.3940460581722087 0.13661944431670842 
50 1.3089601489119034 -0.171191222734946 -2.343631993168581 1.1121946366572286 2.014495301861156 -0.7056428178402291 -2.1577712053252767 0.5153529964122199 
30 -0.5545864084083135 -2.6953541149192946 -2.296780155105496 1.8315670728559201 0.3113528105804256 -4.779566580356055 -0.8121404394844052 -2.2265379192150254 
31 -2.1708928373114 3.9000750079439515 -1.564512873974943 1.6419138294437898 0.44860601784688164 -1.6317251799515555 -2.6547857014968512 -0.6907794392793448 
10 -0.5852419835749972 0.6278192246318743 -0.47760808371645636 0.30592686516336737 2.170042824050169 -2.3683133034226937 -3.4558723987343773 -1.7181361473705132 
32 0.23664911412140147 1.9927720666205866 -0.1281921613671527 0.10328475672767101 2.1748598885152157 -2.948666365638408 1.2454371418305137 1.7523350840139222 
33 -3.4039669310360323 0.4746176465198745 -0.7935226279192424 1.68005488363789 -0.515164186416218 -0.5833904318305413 -1.8790137868598988 1.5167520301582174 
11 -0.86574788385751 -0.3739180022650381 -1.4074577488253868 -0.8487614526330166 0.8996434381713923 -2.8608954686866777 -0.7810461843874614 -2.05810128042237 
34 -1.2009345728717522 -0.17047602559428177 -2.493466509053044 -0.9167917052355662 1.6375186721305115 -1.609836682484919 0.5838384338030964 -0.5784887290626003 
12 -1.0046759520011874 1.1292274867458778 -2.3826290973047253 -0.4487980568341533 -0.55405607418176 -1.5544775279473213 -0.044402173134822476 -0.4232986381458886 
13 -0.40492306904580866 -2.557774632489874 -0.1946884393892188 -0.10866577499544111 -0.05028146363518796 -2.994064730514764 -1.7771656935277391 1.5832375717349818 
35 -0.6862624453364553 -1.8239570254546915 -3.8911453465998886 -0.27611967635976886 -2.5400914209785386 -2.7473608510950784 0.18612346022198928 -2.55594343416681 
36 -0.5101435958030186 2.977141073732066 0.2626405026646287 -0.8816040058119351 0.2798492478066342 -5.455127391299238 -0.5441123044383174 0.488144800205823 
37 -2.2853241634473336 1.450505314244984 -0.16698640261686404 1.1826029143612369 2.0150047102852437 -1.3656407981390815 -0.4468019575092902 3.077936298551835 
15 -1.3101012836945205 0.7057928410129539 0.8778661384915076 0.6843017299954631 2.782511570385102 -4.275549161197552 -3.0180293927748605 2.079399320653942 
16 -1.911583056678198 0.28311622378882645 -0.8756373633587277 -1.932529344692119 -0.7955472593331927 -1.077586602683633 -4.392917463016915 0.7094677805626942 
38 1.6717674958135487 1.7474817057405507 -1.7754848342725498 -0.4531934176877561 -1.443143734732831 -2.424415215026943 -0.8627290186126209 -0.29500514515210774 
17 0.24375353731375343 2.925101789297022 -1.6275365321136384 0.07051874332583671 0.6342169363601508 -1.8060115965827872 -1.1758825397476484 -1.5888653292249761 
18 -1.6439085481430231 0.10068583138255449 1.0018026827304252 -0.782463830698692 -1.3420084813448294 -3.58564513630595 -1.4791195820580756 0.04238610517668474 
19 0.04822084489296655 1.5364109336832392 -1.3306139831731418 -1.6957537244052916 1.3135192938180962 -1.361947376555238 -2.119466671578494 1.7734080767954137 
1 0.7715299738061292 -1.1986205140879422 -2.629110163865869 -0.66840169884684 0.2887530580237078 -1.7470492358424072 -2.2338989644909013 0.4101672202723466 
2 1.3742509788895096 1.7768079173792386 -3.7861336596014823 0.6348021400077146 -0.08887227900741093 -2.0860558563824187 -5.173150465184598 -0.11352337834432444 
3 -3.3378018096145685 0.2945639975415478 -1.1207134135415102 0.728241310290977 -0.0702780315778707 -3.3150754187448306 0.776497187001024 1.956678241645542 
5 -1.0085901296173914 0.37141264843749794 -2.1050021643955836 -1.0034845705848152 0.24665492331617622 -2.6717342164886064 -0.24077707586950006 3.380467621759465 
6 1.4488102492430808 1.1642491867250941 -1.7560857507954777 1.479638886074601 1.7029446269803623 -3.4563660995740397 -0.389348012685539 -0.12197459792265346 
7 0.5333515302163117 0.6209789836824178 0.015607953712825254 2.2976832959536315 -1.5451985343463992 -4.252489499465288 -3.8705771178409356 -1.0093863416453852 
8 -3.32355506283627 -1.7039254959851513 -2.7261073007633225 0.9532002916088215 0.8215725275334184 -1.088267398837291 -1.734830296020521 0.9062767092557502 
9 -1.4825679721122627 -0.05564916489509549 -3.4734590679706074 2.0051067394859654 -4.089928603372382 -3.124471352687853 -1.6287783506555058 1.0066004281534933 
40 0.3559698945655718 1.4273577594974904 1.4207452330146362 1.8496581989333982 0.46007911295860415 -2.6905358050437433 -3.39541743731378 0.8113075042142127 
41 -3.0496085043072734 -0.5387253048113336 0.05822300811238394 2.10860581333149 0.5006783735560384 -1.5052009073202277 -1.1295532141957956 -1.5659242175180272 
21 0.3131528207432632 -1.4352822104180158 -0.8815932106284133 2.749045931093071 -0.6841922144248258 -3.326235838182631 -0.2901309651741354 1.4552863140414696 
43 -0.6766495029799195 1.3087377947645473 -2.910275878012714 3.1675088544262757 1.317601436100244 -1.3757716189702445 -0.7743034501320158 2.0528107788065566 
