44 8
44 -0.943089477777601 -1.516364761298172 0.6341494610973744 0.5091092133173256 1.694004191245909 -1.9214092748552867 -0.16901430174862994 1.1703304355614286 
22 -0.03132344716300621 0.011835663076730674 0.021879210194873544 -0.006885175552567235 -0.0316433939140609 -0.0022351226283005565 0.06192592990231105 0.03966456092800637 
23 -2.156636548981776 0.02748211294906965 -1.6836395372884274 0.7464303329938641 2.7438857298281443 -0.9152835526418364 -3.0957725725486456 -0.126201049155249 
24 -1.9722138668060076 -0.30334300859460134 -2.8494447424396165 -0.7927146123599083 2.8090210165509935 -1.6071002978216526 -0.12788402304157417 -0.031735384467336314 
46 1.342367184533484 0.8479706917651807 -1.937352191143685 -0.2424175309827492 -1.79320771140998 -2.334467658898415 -1.4286395010366257 1.7058293054951388 
25 -2.4860468384417245 1.7196902373267566 -0.5506061014747838 3.0552125057714346 -0.03437529359917563 -3.3057752609249307 -0.26096463710521145 -1.4781905204951375 
47 -0.6190301752262323 1.051643608105501 -3.9350624563925494 3.4060822062714586 1.376033852631993 -1.1022481386426919 -0.08358005461552788 1.5709047410419643 
26 -0.029268297930077763 -0.03593646175155764 -0.025378863907837473 -0.04135994288082903 0.03235704084474446 0.023643381218047224 -0.0340913762633972 0.029090783769805104 
48 -2.9190130623090687 1.8563856082250763 -2.94884332069828 -1.3566094215594833 -2.1643234935663975 -1.8408168289934441 1.1198153327313716 1.7020862709297984 
49 -0.3395744153121455 -2.2243283037406543 -0.9101097145547976 -0.10600490880978011 -0.16228868656961237 -1.9701236037905847 -0.8588465883084524 1.6547464754730148 
27 -2.215794769721508 -0.2409421003038893 -2.1701460712043437 -1.074948869633487 0.691289439486749 -1.4333661924581358 -2.640295344509834 -3.583124433816276 
28 0.4116263118536741 -1.1594803335755772 -2.331342105051959 1.0668374259040065 0.8681595286232884 0.2602302694865687 -3.265548094758285 0.09357366384282714 
29 -1.9273250431347886 1.562159767102907 0.31227561973545015 -2.3682369725500623 1.5073870254689397 -2.030294139373072 -1.3630546002932244 0.1850636502751981 
50 1.0780673257027749 -0.14981777974569838 -2.4066356734798826 0.90622813327799 1.8638687780919898 -0.8045516713098483 -2.0650702073787093 0.4475467486780713 
30 -0.5345221590337588 -2.568075696078727 -2.1471646866762937 1.4712812701827513 0.3630203572755162 -4.420686606550791 -0.7400590490179022 -1.9234367374055192 
31 -2.115852703573701 3.787471534642976 -1.5570859262263572 1.6212363989757692 0.3476305038224942 -1.4590440834653244 -2.535044619234451 -0.7665692929340518 
10 -0.5674588979038909 0.5494489120202686 -0.547628854903008 0.31200169218325047 2.2510163808408663 -2.3672804639828957 -3.3557628844148186 -1.8661439980673566 
32 0.3193906315977263 1.859109454708372 -0.1826692877894337 -0.02816626902891047 2.0168614933462456 -3.090644267560718 1.2337073295295236 1.756514630809275 
33 -3.3027035088458647 0.41166988854500397 -0.8587449869585438 1.6283724304162124 -0.42893948944745885 -0.48481216152419937 -1.9207179679313275 1.5042599330969255 
11 -0.8552741169149365 -0.2716183154630341 -1.3608253152993413 -0.8500657936519577 0.9997101332050267 -2.7196830285547073 -0.7617638074435603 -2.001704476796489 
34 -1.215616100471022 -0.13679827353134993 -2.50857475977301 -0.9174772748518053 1.8272241334663233 -1.611608761341622 0.614952894416265 -0.6563311812096168 
12 -1.0096538489002398 1.0588178164835258 -2.426893780294333 -0.5859447417534096 -0.3676497962437015 -1.5044405594733572 0.025352290136710587 -0.470223701583358 
13 -0.4415470973395323 -2.496094811265755 -0.23013898397041374 -0.026900005927914056 -0.1310183518825267 -2.9961223340598506 -1.7709769990448583 1.5976220044127918 
35 -0.7130355961534378 -1.796376388186862 -3.6955118199183903 -0.20138040558229697 -2.407675397046937 -2.698563602656011 0.17330902261366588 -2.4910291274336935 
36 -0.453366038476471 2.6564683409225496 0.20711737000698424 -0.8029462781104155 0.20700739217823955 -5.056249653546143 -0.5998351647404165 0.444038867293243 
37 -2.157027021568353 1.2784959699536056 -0.04706629910424557 1.1186176871440496 2.0489136078985433 -1.1110038252826535 -0.3787282106230729 3.002553169398307 
15 -1.2246682036186871 0.5802344550343912 0.7619179559705199 0.6316715590385452 2.753378759042959 -3.8971873596462685 -2.7069568049285855 1.956265765642894 
16 -1.8530426045067108 0.07138482931886964 -0.6865005976221513 -1.9781698433227914 -0.7046939885394502 -1.0839556971573783 -4.372030527908095 0.7320250771474374 
38 1.5595251265599668 1.7232536870838513 -1.72382059314172 -0.4495536465399532 -1.2329029706269568 -2.451659080487823 -0.8256252707253798 -0.27414055633906853 
17 0.3008835747357124 2.916623824141902 -1.4875201427891664 0.051258690161243986 0.46985840915703736 -1.6085240583809022 -1.0737176263818071 -1.5388591321020624 
18 -1.5695287999007628 -0.03909852656320345 1.0045916094788563 -0.951205455769807 -1.4358005085979406 -3.5884713350700563 -1.467953609489023 0.0451898367266894 
19 0.04631509342780384 1.3261460619824659 -1.3818122384941398 -1.719308584960156 1.2787215873785451 -1.464116121665491 -2.0479993010798734 1.7123888964066547 
1 0.6779797306183348 -1.208921406003669 -2.5241959761469532 -0.517682021159047 0.11980891360641577 -1.6910755922906282 -2.227762444784132 0.47337909319829274 
2 1.3135236610954992 1.4542061848760361 -3.513642254537088 0.5724916351721772 0.024068152541389394 -1.9679487244285336 -4.761780466024512 0.012713763048735557 
3 -3.333096508485537 0.06679464629305899 -1.1102275774808958 0.5383898569664248 -0.035243779303618765 -3.332613259948796 0.9154697342603195 2.022526470054081 
5 -1.1086530420785274 0.21852943469799985 -2.103196244204769 -1.1362524500033622 0.27605089945947603 -2.5875725659043414 -0.3150456372175469 3.355613469033497 
6 1.4591861918485143 1.249395008913456 -1.8577638745922769 1.4841792880521192 1.653208231936714 -3.433098771288735 -0.38807848267097556 -0.24377765274400617 
7 0.5267076536570652 0.5037821341148355 -0.06826948394182913 2.1509376050829885 -1.5595325225981678 -4.011006280452685 -3.6257839419305595 -0.9534805900919853 
8 -3.3159838744175167 -1.7694597093744806 -2.599942389494855 0.8656669348922484 0.7741691852684313 -1.146851411958154 -1.7718304873749509 0.784043121932899 
9 -1.30750948955261 0.23431333461168563 -3.333024890242003 1.6660501563750283 -3.6469445349975964 -2.887151156441279 -1.3458828854911156 0.9712306539074195 
40 0.3456357813224021 1.454942449532215 1.3779172783108862 1.7842470372378323 0.4957773419636511 -2.5439169953395098 -3.286865938209092 0.7943425140581817 
41 -2.9351304409430763 -0.6292022523502614 0.09490788758171355 1.9811269199995174 0.5036306503992841 -1.4580519430880359 -1.077257578434581 -1.3680198719707028 
21 0.4642929710634056 -1.3713805950707099 -0.9117334483025098 2.8113414665343153 -0.5368247769957173 -3.4244597719577725 -0.23403459317583825 1.4088957935240762 
43 -0.6752204860801002 1.2461506101550386 -2.7717939478740776 2.9176010179041345 1.314597820476027 -1.3326317137017942 -0.6442323300674226 2.0743895859280976 
