41 8
44 1.2684364002834263 -0.5751172189851989 0.14758868196461286 0.004252730080016638 4.821033368595207 -3.1124199828809784 0.32028945730298836 -0.4370056413508628 
22 -0.7595728117812848 3.400183694640867 0.25820460847674487 -0.988166182382479 0.9126250101002621 -5.871754882387094 -0.5082276521622208 0.3704830004585245 
23 -0.7020251555959393 0.8862680146455366 -1.5465696346130995 -2.5042917907443094 1.8209968134766965 -2.270055700086988 -0.5082886268550454 -2.6821296001705646 
45 1.3176442801509447 0.9921391466621688 -0.7012945075677103 -2.648203727052423 4.390724834719113 -0.39054331269257 -1.2830107680823601 1.8515527603935213 
24 -2.582094910569327 -1.005222780517625 1.043973597255551 -2.3616408342905357 2.0629532616880013 -1.1543040817576067 -0.594971494824713 -2.8171396558026163 
46 -0.5938894282695278 1.8309982862225012 1.1908382090386034 -1.3287903015707347 2.7402226357464126 0.3041889404595351 0.4013678647482464 -0.5618874406614862 
47 2.306334362284931 3.0714136045225957 0.341377902920197 2.586868069732579 2.009154424944982 -0.6350160842311763 -1.8587897637195323 -1.7980933191611452 
26 2.213550048179148 -1.0512158090293184 -0.17037072377143297 -1.0507681134868705 1.058391075209807 -3.6188037531737653 -3.3752900094175056 -0.6572161814156924 
48 -2.5277485099647987 0.8383415286417842 -2.1190046188926877 -2.056332246719813 3.608501486020376 -2.6790550452552355 0.7080510950208285 -0.5128719282859471 
28 -2.332827060245463 -1.5587187253218504 -0.4865633451212197 0.974009837677594 1.8041122508348693 -3.8548259904838673 -2.421759793355137 -0.6626547276162874 
50 -0.5649061687098151 -0.21168699363747537 -0.9528180565490036 0.1729139783272726 0.8500711011840455 -2.927646470361162 -1.9340880469129942 -3.021621724667932 
30 -1.4273039945228765 3.9090777477731766 0.08690335520934142 -3.9346447273422793 2.446083131369039 -0.18135842698274318 -2.9142530964521574 -0.3532938078017099 
32 -1.1606377884836647 -0.499835498760165 2.4532573587893283 0.8569414161696743 1.8540127920354597 -0.10750708038461773 -4.755350088523018 -3.1915474103199672 
10 1.703546013585021 1.2307527028952383 -0.44291826466857814 -2.3492510172634984 2.605259400963565 -1.202577126041996 -1.2771427571677945 -1.0047536509727109 
33 0.5049491917419193 1.9053387808347586 -1.9602931287617322 -1.820786582546232 0.5372027526126666 -0.4027277365665208 -1.615380316869874 -1.578015636982419 
11 -0.03932650024407578 2.7783492246876045 -1.2906231056642594 0.9738848259268663 2.152638136280402 -1.8318824741120094 -3.7447893724300036 -2.617721826946758 
34 -2.5757677903378555 2.299332856395358 1.0315817887377001 -0.18738074360464424 -2.052345054127776 -1.672766693444664 -2.8641216114801846 -0.506080754195998 
12 -2.3624701661707865 3.656969144706713 -0.8419174589267803 -0.13049250349370736 3.565986833581265 -2.109754683867732 -0.9874795515988981 -0.003564276507011411 
13 -5.606725594072229 0.36192405327077126 2.8665058872383953 -1.5365490899826393 2.8455883658469885 -0.26800595512966113 -2.3598768445215086 -0.6125448674716385 
35 1.3715884059156231 1.6247184596809368 3.256269223697015 -3.322872140453485 -1.4936209096773032 -2.1699144630257257 -2.521299625907049 -3.2812608791394426 
36 -0.7986723776320418 0.9801899146435582 1.0437369230350515 -3.0334322683096246 0.4735071098842965 -3.046986072770719 0.43055354108679855 1.267529812070263 
37 -0.2709091240992485 1.9507160123971607 -0.5428292194938904 -1.6066085040967988 1.2196286817300066 0.8855574134971416 -2.4370768980791673 -2.1459758566183837 
15 -1.1949644098590382 2.3468708034133674 1.3525195463558106 -1.0231059217854168 -0.1291723118732662 -1.1737257545584785 -1.112551283423499 -2.490986426874912 
16 -0.9578482375360551 -0.1465264582045893 1.4063933459652744 -1.2496317553608935 2.9814463822975075 -0.9378669709518784 -0.6304474680312144 0.8494873212302052 
38 -0.5954106477275483 1.8085023882751574 1.181853424403175 -1.3217238243222245 2.741811326468661 0.2964569923592159 0.39244882119207825 -0.5552799522770049 
17 0.9822205412062739 3.9728592652210746 2.4864912847023013 -1.4509177021225783 0.3298566784943608 0.551455810244609 -3.0645581681095115 2.2297219452613426 
39 -2.75445686769606 3.1138457379782656 -0.12472016342180638 -0.5800784699327278 0.2557656533190722 -1.1994273976290428 -1.1382021217279568 0.26146706662947145 
18 -0.5711061954357685 -1.232054771508053 2.580411915645029 -1.1852460832398084 0.24906308160525753 -2.6402602214608404 -1.5901243156277967 -0.002480974286388436 
19 -1.626060223400064 1.2423948790774797 2.1914685772774924 1.1671279308442686 1.558244944984829 -2.012508894237364 -0.07012139857462502 -1.7113076337352653 
1 0.17296220480840263 2.786307657262214 2.766837882116163 0.3374342977602689 3.5263712614918328 0.3382820287745078 -3.017967219056817 -1.2504396754356928 
3 -1.016505892907271 2.2031717922292215 1.6923914994194973 1.07702254557149 0.14680306565010806 -2.5478817787693693 -3.4085857968368853 0.09536187409743131 
4 0.5061498514376205 0.9602856311163163 -0.48395792946168276 1.112436634591302 4.703472638386806 -3.627133752410064 -1.229702629333628 -1.6973406354443963 
5 -1.019686910109861 2.198272254224923 1.6922312847605205 1.072026766733949 0.1448456325598895 -2.5614633343001603 -3.4043221034723468 0.10879247091816782 
6 1.2754453918136697 -1.222573927712256 2.8683510899700293 -4.267688637457665 2.6163509631966337 0.0531486891404239 -3.6400180005675455 -2.286335019915715 
7 -0.5862736162698887 1.968332266611461 1.2450510024313166 -2.6921621006808536 0.7810341546468659 -0.4212245163788748 -2.98696917471536 1.0020865075981225 
9 1.345068718480631 2.6361730527141205 1.3127134409889392 -0.44932833391036375 1.076323335210104 -2.352925616321555 -0.6035305038686314 0.3016570430663964 
40 -0.598312344564801 -0.7174263460881399 2.5286946625890625 -1.277965521669978 1.0725454801962135 -1.7698026636403188 -1.0721249957018695 0.5460007226966371 
41 -0.5570776436425303 1.0745002921049733 -2.0675868550521765 -2.6618110325731212 -0.7940576048808043 -3.3710167054648355 -2.962000462052968 0.549518981371854 
42 -0.06798799918464632 1.909630505159502 0.803569280245899 -0.7857527908817874 0.10398252773404906 -4.700553413240282 1.0214608362340778 -2.109562153161129 
21 2.64121931968788 0.990280237840587 3.2994328298177176 0.2874515390721876 1.6939336245210526 -2.1353257094071254 -1.6448281319000297 -1.1942968415767463 
43 -1.4591840616366731 0.17556697412987418 -1.0856085446075572 -0.02370580626841781 2.264326570144542 -0.9490654547566172 -4.215706729643652 0.9712614986212004 
