44 8
44 -1.035404525687017 -1.3849316288870415 0.6869953917557744 0.5426859691580748 1.8425425150245265 -1.9457360139186612 -0.16268027701584079 1.0569474960089078 
22 -0.03132344716300621 0.011835663076730674 0.021879210194873544 -0.006885175552567235 -0.0316433939140609 -0.0022351226283005565 0.06192592990231105 0.03966456092800637 
23 -2.16322030722009 -0.002266606285419142 -1.6643534194575338 0.746824358405953 2.769249446549702 -0.8915751388451618 -3.087217993961151 -0.1207373287234427 
24 -1.931108541273796 -0.27854165035948875 -2.8627908949585334 -0.9116053270020958 2.7969782540607517 -1.4475861488535593 0.0869710833651544 -0.14959757522530706 
46 1.2653846696589648 0.846959871221138 -1.979865821166153 -0.2169572432280225 -1.7656036909121011 -2.3416867563295534 -1.435247730945996 1.7476529214377872 
25 -2.4181707577623524 1.7587354184094073 -0.6220130121377221 3.0796552425548165 0.009900573693138282 -3.4209000215460272 -0.3119433750730584 -1.4384058593488485 
47 -0.6881255596494111 1.0408264742725795 -3.8541574768442275 3.32729194058864 1.339735272044603 -1.2066296385793813 -0.1251668366560452 1.5123202970045144 
26 -0.029268297930077763 -0.03593646175155764 -0.025378863907837473 -0.04135994288082903 0.03235704084474446 0.023643381218047224 -0.0340913762633972 0.029090783769805104 
48 -3.001011277351016 1.8695256226917414 -3.0260402498266896 -1.372576808699914 -2.225889835148019 -1.9286690147401213 1.1871228727441474 1.69211670453316 
49 -0.32375567047891607 -2.318812345398216 -0.8679313655348714 -0.12162692363979331 -0.19649221996690572 -1.9343551065810256 -0.8117112722745278 1.675231166229289 
27 -2.2878464556538955 -0.2722916919071952 -2.2102592372802037 -1.0635151083607608 0.6883332785716466 -1.4869757674474848 -2.71477856611771 -3.709199612963987 
28 0.4141702398277465 -1.1586158917458231 -2.2617503419779634 1.014133866136856 0.8221131357800084 0.33834745158242463 -3.3966432177968167 0.030698829401404108 
29 -1.9139852811304061 1.5368511624473107 0.28014259174981215 -2.374124200907395 1.4952546210896709 -2.039781617923131 -1.3529215330861581 0.1621826204539087 
50 1.23251284279798 -0.17362713638721658 -2.406069610024677 1.0482509070101083 1.9433213925332142 -0.5864686104410086 -2.053618337343576 0.4609986462463722 
30 -0.5401836474937085 -2.609747769295819 -2.2053264359612834 1.5906866405759772 0.36222301586959227 -4.552277804064662 -0.7688348567371127 -2.0348002792330733 
31 -2.150771121872385 3.7314277010134065 -1.5873353133698147 1.6172900432654835 0.3703024138919107 -1.6273901506587485 -2.5867269945161593 -0.6867128892693269 
10 -0.5909907375864505 0.5976156609478882 -0.5636960424620922 0.2827461021787791 2.166583605891469 -2.4387045248510693 -3.362036916323521 -1.7686799921187073 
32 0.2945212191632201 1.8927113679001377 -0.07469760697154125 0.03952796911552499 2.150187562631199 -2.978354759165168 1.3219157677599522 1.8100942856937399 
33 -3.312998832748606 0.43788678035500384 -0.8885364542334357 1.6246166109802838 -0.4467549918017363 -0.607527537186922 -1.9221728542603216 1.458567280605249 
11 -0.846064310110083 -0.4264512822626367 -1.369091259062475 -0.8661337626422876 0.9610114553302832 -2.707797776346023 -0.6446534023845466 -2.1285456260639837 
34 -1.212622947271465 -0.11992913410232386 -2.5027132950182986 -0.8892686044852622 1.7108733881222105 -1.710560071569697 0.5144498668042877 -0.6041458703820609 
12 -0.9802494562834165 1.079043396443066 -2.3856264343108675 -0.44853834098596634 -0.5328681680377039 -1.5127190222577755 -0.04521375137925228 -0.3412579737348313 
13 -0.37379337260822654 -2.5753598192447513 -0.11733924390317067 -0.1067888042106424 -0.12668471716913463 -2.8988121286959934 -1.7409323279336235 1.5595125314488059 
35 -0.700640652833797 -1.8054256356183078 -3.781471557015095 -0.22037894632570287 -2.4702766724780725 -2.735499999445053 0.1859501651606216 -2.512230179804588 
36 -0.47033015532637124 2.761339977614963 0.23585836639311358 -0.8238083758252469 0.2218692875295511 -5.188080492397767 -0.5784013219956177 0.45580731770434874 
37 -2.181976961525121 1.357200109713155 -0.11714401022203344 1.1268924918155785 2.0155482013397337 -1.1951419312011882 -0.4109921798481017 3.0050022776086793 
15 -1.2517723431416472 0.6118211852522858 0.8089337232544321 0.6549444324955604 2.776102125190961 -4.015628371009308 -2.819683884149063 1.9971116025790918 
16 -1.8481293623058548 0.13200578565517565 -0.7245662328586964 -1.9427235990595324 -0.7437415946155606 -1.0333885775978675 -4.376080439148903 0.7058327050518172 
38 1.6905949659723913 1.7557621684928013 -1.7164073387894327 -0.4671709872664594 -1.363437504742189 -2.3877772561303545 -0.8033678822416825 -0.2587087653094081 
17 0.2331435205368315 2.9167720022385932 -1.5307372670973558 0.07812532935294506 0.550717011621731 -1.6175921550102326 -1.1082406006896237 -1.5268468541675015 
18 -1.5989879702596101 -0.031504911875355826 0.9508560313781562 -0.8690471548226354 -1.4331209733817978 -3.463053665832768 -1.4903981884367916 0.018231626492111474 
19 0.06374768132184964 1.362737430664156 -1.2745481499878344 -1.8232271180631372 1.235509417462181 -1.2900545045437612 -2.072604305592384 1.7993092882394721 
1 0.7463195645350198 -1.2425488506555296 -2.5761517065169035 -0.5993423079416005 0.187672285538715 -1.6136081425153344 -2.158409204004479 0.4503421539145333 
2 1.34447027693462 1.5866210864205397 -3.5954929555898314 0.5996694257853818 -0.027323225076316817 -2.0114397175088574 -4.913963355041971 -0.043424658490878884 
3 -3.2639088738657467 0.15419199328024255 -1.1484094764814123 0.570531048095496 -0.028895519551210155 -3.321202574125066 0.8082225465269225 2.007055806309087 
5 -1.0358728470301162 0.2732680410493642 -2.1113195682879446 -1.0741660441797873 0.2838736010637113 -2.6237153229315493 -0.35904620713289576 3.2946733389190035 
6 1.4748184350175424 1.2320642745749149 -1.7854196454190734 1.4733704243889871 1.6652771667937345 -3.3858383031396135 -0.3688971108105215 -0.19808510498447396 
7 0.5361823010293594 0.5233578326329584 -0.05992281598216487 2.191733601398555 -1.5548033003779194 -4.10010879433113 -3.711007938318457 -0.9599172122620659 
8 -3.335731500838826 -1.7283387936530341 -2.6238179188690554 0.88611740928391 0.8394306047083936 -1.091665370152662 -1.744404917240193 0.8086550607202643 
9 -1.3811464655059622 0.1335095033795193 -3.378821532914648 1.7624423817323343 -3.809347556432482 -2.9640244766786483 -1.4336941723020113 0.9827676830233468 
40 0.3552652256355442 1.447524983203539 1.3929774296166575 1.811328029382502 0.48336069137312454 -2.619450346182675 -3.3376295929090167 0.7909987596298497 
41 -2.95603173232133 -0.533699529282769 0.059471881080782635 2.0426633209923533 0.42817297441518604 -1.4766930011385289 -1.0616412633294556 -1.4538693664853555 
21 0.42345014028365907 -1.4255591508302445 -0.8469081764925191 2.7489131328435623 -0.6056583665313521 -3.3452741692589814 -0.2432561339879953 1.414456597216355 
43 -0.6803582304963243 1.2667776960743713 -2.8199068388558044 3.003316850716124 1.3152834152034962 -1.346935463521095 -0.6865286670459156 2.078393516065741 
