44 8
44 -0.8797121501530207 -1.5002457297752423 0.6310464842057445 0.5332232727521374 1.6914980744809416 -2.016918124179519 -0.1916592108011015 1.1728794317839735 
22 -0.03132344716300621 0.011835663076730674 0.021879210194873544 -0.006885175552567235 -0.0316433939140609 -0.0022351226283005565 0.06192592990231105 0.03966456092800637 
23 -2.2203202133386695 -0.04456610484026273 -1.667176275222614 0.7286042681884926 2.8207149820561814 -0.8817555628706334 -3.0499823831280306 -0.07732738327951422 
24 -2.023500351036304 -0.33430831857377236 -2.844477150564101 -0.817327761643878 2.809609742206294 -1.4636440646775588 -0.0988780158105543 -0.03507666328592855 
46 1.205239030173951 0.8814421835676653 -2.039485941550543 -0.1992293076595976 -1.76229734803339 -2.340763289307019 -1.4518525550125285 1.8095939201808158 
25 -2.36166631274393 1.822707425800465 -0.609642441385152 3.204071844352075 0.009540469517442755 -3.484629639448845 -0.2515560064637303 -1.4911664707510683 
47 -0.7101242939881991 1.0343195757338932 -3.8376752431232926 3.3593531463750717 1.3625296700930736 -1.2194082254177085 -0.1551439744735666 1.4899271657178026 
26 -0.029268297930077763 -0.03593646175155764 -0.025378863907837473 -0.04135994288082903 0.03235704084474446 0.023643381218047224 -0.0340913762633972 0.029090783769805104 
48 -3.103808743401538 1.8956403811694438 -3.109088309290438 -1.402032572283689 -2.319134782916774 -2.0383569209388623 1.261918695775603 1.701430568746891 
49 -0.38208035160945575 -2.1834268077099805 -0.9499522629806438 -0.19856626953030068 -0.17524189401836981 -1.938375481859813 -0.8691114870540133 1.5902577988017181 
27 -2.3557876836692326 -0.3116213036088565 -2.255443556297268 -1.0584995457813167 0.6693197034090219 -1.5483958933836153 -2.772589244152895 -3.8513645498525113 
28 0.4349776844947183 -1.1267884903144385 -2.2915621610329286 1.0808525758920766 0.8201833221052233 0.31820680080526664 -3.4417484843764554 0.004612536701097515 
29 -1.885211856398509 1.4899047700927088 0.2570647679574091 -2.428959596716112 1.4933365968888188 -1.9642038918854614 -1.3582551806941314 0.148747162671087 
50 1.240114684646237 -0.16492206015569033 -2.3505658251608894 1.04513533163076 1.963753242990888 -0.6845644165933402 -2.1147126077306386 0.47542518641345644 
30 -0.5448062199671084 -2.67627798664318 -2.2627279676155196 1.7423791485713203 0.3244900366399723 -4.689888090977475 -0.7890884108812579 -2.1559423027449665 
31 -2.156048763598181 3.8179922584101385 -1.5721672584802764 1.6308970883317828 0.4249746971685257 -1.6373000285398247 -2.626325477724077 -0.676110920704909 
10 -0.582220901136247 0.5844673688794397 -0.4846902227264895 0.34349245153195757 2.1954099933081825 -2.318261467510281 -3.423274886930008 -1.716754097032302 
32 0.23958325694144758 1.9567393941188829 -0.11720242775521263 0.07269716176826652 2.1560442358747736 -2.960231013721811 1.2492186875357691 1.7605225738986228 
33 -3.346528575114083 0.512482908087606 -0.8355155089820043 1.6252940720253062 -0.46923507694250843 -0.5582877948751475 -1.8979944161897404 1.5469860621517526 
11 -0.8365673784594851 -0.388491501562924 -1.3225856290478106 -0.8397495521036185 0.9160048806123889 -2.7491830776074653 -0.7709907632985223 -2.0601094587269784 
34 -1.2098926108740307 -0.16161210777796614 -2.517837638802813 -0.9313910369263392 1.672133103605982 -1.6137348645906904 0.5823865687557415 -0.6022202838781702 
12 -1.0325329219579131 0.98748009649996 -2.3507127640222656 -0.480079763825267 -0.4777735005206244 -1.5195352840845484 -0.0032126981823256927 -0.5017414695084067 
13 -0.41666469756252766 -2.4877553210799994 -0.17429587608900565 -0.1091304700116478 -0.08108793536649114 -2.951708972923133 -1.7234029284947365 1.541682482694807 
35 -0.6967764681754969 -1.8102890794233084 -3.858843590335758 -0.2565808552818159 -2.5162807524721456 -2.7456888511860575 0.1844856057194156 -2.547686377837817 
36 -0.48881330836903236 2.8987973128147666 0.2541561945158885 -0.8595701958255815 0.2455171037225186 -5.357918112271952 -0.551161464738885 0.4677644717286003 
37 -2.210358364215047 1.3828382406176085 -0.14630716901638502 1.159979345509942 2.0411118468227922 -1.3093732916049547 -0.4011205405854422 3.017449224843706 
15 -1.2894110744766398 0.6671377780788075 0.8460359588396817 0.6780857474097288 2.7846182050204464 -4.1789183537155346 -2.959137988064875 2.046698564194245 
16 -1.869124062561699 0.25716177820875596 -0.8451838179863811 -1.924331528880797 -0.7522489227574535 -1.107401485429771 -4.319648662197267 0.7131653809721079 
38 1.6837298561421783 1.7315481165474498 -1.7461027216971134 -0.4481941055475103 -1.4027236530680223 -2.40517458451409 -0.8271792951885683 -0.25431984589045176 
17 0.25668279292254526 3.032037549870923 -1.5349808856736873 0.07266017493832859 0.6062757222653462 -1.5832554304372337 -1.1253847170499807 -1.6188231387923853 
18 -1.6017614486433898 0.008866411896069229 0.9414982192678129 -0.7989305931057598 -1.3399274545723505 -3.4973294037816554 -1.5261351875421298 0.04108593848076186 
19 0.018706456602938577 1.4291481205290804 -1.2955356421825361 -1.7085901710586073 1.2716526707936542 -1.367458262615907 -2.0457967985165224 1.7755575368305037 
1 0.7727863373188347 -1.2063324224432477 -2.558934320692519 -0.6200259109427945 0.24796313180897175 -1.632383657993646 -2.2021728433401186 0.3997497531001328 
2 1.3771135298320862 1.7103887213226987 -3.7152421328213494 0.6168033938940873 -0.08030981898691404 -2.0557818749883747 -5.081315710448637 -0.0957882687151485 
3 -3.3083517109308933 0.2377754635176719 -1.108770912225761 0.6425228379476614 -0.04726609371979765 -3.2761659383198465 0.851564074888935 2.0488031499784953 
5 -1.0102755804796157 0.3120178660839265 -2.074914511494454 -1.0253137679238395 0.255096218861722 -2.6130265891405484 -0.27394792215793146 3.3262488597328836 
6 1.430394473575633 1.1924287292424507 -1.7362386073652338 1.466227585268536 1.6753937113289608 -3.4062322747861016 -0.39775340321718305 -0.1418958370600468 
7 0.5248802966563713 0.5829131365739298 -0.02991709039196748 2.254419027449022 -1.5345462179324814 -4.20509248139359 -3.8130218271377356 -0.9857375731410507 
8 -3.325615296678719 -1.7266318372996423 -2.682515717589061 0.9542788460898738 0.7505423991994419 -1.0857839536029843 -1.731548130874854 0.8705315075318222 
9 -1.456593480077003 0.013968743313179934 -3.443588957474466 1.9111524906936845 -4.005305395022855 -3.056258308683303 -1.5453929521066299 0.9931577064921763 
40 0.35413127961452806 1.4359475628649332 1.4092641517436992 1.8429733149188694 0.4608725519202148 -2.6759889892798743 -3.381566526705114 0.8109027025085888 
41 -3.0549117090063302 -0.6004108710203879 0.1379215481403821 2.089940524480279 0.48323591526848536 -1.382623208292364 -1.1190696225697874 -1.5178987540441935 
21 0.38344767382724315 -1.4321608747251338 -0.8279848144337677 2.731047662477869 -0.6756697402440989 -3.2965593254687677 -0.2669244404901765 1.4303387675143409 
43 -0.6920150239477015 1.289762905431006 -2.878312541312494 3.106465618412546 1.315172291847812 -1.367316726087962 -0.7482806625509645 2.0624810912087956 
