41 8
44 1.2751645318385723 -0.56920653753849 0.15681742484473798 0.010036703659382853 4.8088793028414285 -3.101917161071814 0.31550544650510726 -0.43977631297801767 
22 -0.7532538894325248 3.3930091105770472 0.2607450440956627 -0.9876189542012036 0.9095402039932461 -5.865625332332626 -0.4971920155810563 0.3880787082268359 
23 -0.6918653909986648 0.8848894651128653 -1.494999899878445 -2.4884494351228676 1.8268519120381748 -2.265974496348966 -0.5466466229836535 -2.6493316834622784 
45 1.3075301701199247 0.9920327436835517 -0.7022515032191246 -2.6383194437743867 4.385118588641146 -0.38790105501891 -1.2908664006653308 1.8509970015656867 
24 -2.586247039943953 -1.0246473584302673 1.0224263857376787 -2.358667974557534 2.057557981311546 -1.1476359489337977 -0.5733343685900293 -2.8020275524800256 
46 -0.5927722093145865 1.832490354196344 1.1880475939967399 -1.3140507241168777 2.7328411857956914 0.2987120901605311 0.3986429915486177 -0.5673388388258335 
47 2.2954300910045387 3.0680395892634214 0.32920306877435085 2.575948117408605 1.9999385783359975 -0.6191829670644177 -1.8401169349851831 -1.80312155161493 
26 2.1983530202314685 -1.0442644024950545 -0.16763885109175347 -1.0383046999586423 1.077274211630992 -3.6235721373055108 -3.3726185013194705 -0.6755045979119807 
48 -2.524981145627055 0.8396998921811415 -2.11455560188665 -2.0569158066917987 3.6072282284631894 -2.6809413826796513 0.7022466423232663 -0.5137164910671896 
28 -2.3210673546579783 -1.6054440360477586 -0.5102841268250098 0.9863122131374852 1.756225091254525 -3.828439918140296 -2.403671501622311 -0.6474098944720549 
50 -0.5806188440687212 -0.2286195497483566 -0.9535990194665313 0.21246229935914399 0.8375477316354327 -2.9295661894895995 -1.9068248096554221 -3.0010335601482785 
30 -1.4130492319704715 3.893066832670439 0.08730729859786913 -3.919042496912442 2.4340472802281132 -0.1831622527918908 -2.906594333063116 -0.34063291217729896 
32 -1.1563865757922296 -0.509825743835804 2.4526868818881646 0.8571766050810737 1.8492293617839644 -0.11350978545519773 -4.750327521928208 -3.1866712753604487 
10 1.6993282798484288 1.2135306871845877 -0.46451580342492016 -2.3480946227829027 2.5866384365716137 -1.1771046768308222 -1.2290690148654766 -1.0151795986692453 
33 0.5154042765908491 1.8867119974974116 -1.9719725159456474 -1.8016371152997344 0.5149297246759317 -0.3499437567792404 -1.6055039634666424 -1.5840952746131205 
11 -0.04999374806351759 2.780574645226077 -1.2841367059871993 0.966305564960515 2.144957741520213 -1.8262929494609486 -3.735492045337444 -2.619048488519795 
34 -2.579358618911412 2.2897909171512314 1.0418995877102304 -0.1777751389925306 -2.0484234591240256 -1.6724529324701614 -2.845769992107048 -0.5081801619799965 
12 -2.369420314567878 3.6409982001009116 -0.8333049719195768 -0.1384135129661435 3.567917689598796 -2.101001207455546 -0.9821407623345121 -0.0010762284663224269 
13 -5.584528906863668 0.36405267630866156 2.8598610222632033 -1.5317337708239325 2.8405384478620364 -0.2655917955407371 -2.342043918776772 -0.6168146172354416 
35 1.3514674335495838 1.6253765492289027 3.2533891825277887 -3.3018718428725493 -1.5045276455038945 -2.1533546283404825 -2.511982092279594 -3.2748157943243337 
36 -0.7713763473709924 0.9835246104820485 1.0261305174613877 -3.018391365512079 0.4650914605357157 -3.0251405614901903 0.4338246135655062 1.2701787742964283 
37 -0.25572633665513644 1.9507482204782278 -0.5631896108458693 -1.613785875987109 1.2073024593088866 0.8573634708206553 -2.423843007192027 -2.131635393986092 
15 -1.1808877300617948 2.3257767205061506 1.3272560351037663 -1.0366575861947982 -0.13524311945648554 -1.1428969288821516 -1.0993619824267575 -2.4814555506019027 
16 -0.9424962659539389 -0.10631665398004189 1.4022537405204796 -1.2317785615457628 2.9265018150402162 -0.9690146583415199 -0.6419905837648309 0.8111069104207335 
38 -0.5952765102288037 1.8098236216585901 1.1774842691271123 -1.3063086608840677 2.73690295248526 0.2673655018700171 0.3641751107213037 -0.5622534623459274 
17 0.9865101211128534 3.9527670842346385 2.4858234063351747 -1.4383915298787069 0.3309150604192558 0.5469067866074817 -3.057162177356236 2.2224725305509674 
39 -2.7742417525508385 3.1135865777039697 -0.13124930429949577 -0.5710606938834156 0.22364549471898792 -1.186715742942193 -1.1338495296838034 0.2674430751833875 
18 -0.5749291084679888 -1.323260619086561 2.5814288982501896 -1.18221667529795 0.18743900265620284 -2.607980638696338 -1.5242971218791035 0.048934991730816835 
19 -1.6029829868768455 1.2241256445681088 2.169331145030151 1.166543691132964 1.533013876447658 -2.0133027954562466 -0.08039315287874246 -1.6994823346965642 
1 0.1701382854958018 2.7859251598775034 2.764235319558592 0.3358978290959048 3.5196379269157427 0.33710180659386946 -3.0106650413342546 -1.2462977251677128 
3 -1.0128512603940487 2.203732005091829 1.6893236336413422 1.0683045528798762 0.1554065545478819 -2.5464571432154144 -3.3995387776845343 0.09343786447226854 
4 0.5116825315974458 0.9565380268986833 -0.48752900190620896 1.0924118189441405 4.693623454035639 -3.620145023729089 -1.2229717875743162 -1.6994144956933055 
5 -1.0162772534540523 2.1986805804681566 1.6892848114658063 1.0633556710093504 0.1534620437245254 -2.560239553691275 -3.3957501331829465 0.10669846821125081 
6 1.2652090039459347 -1.2202973689107988 2.8589060645435365 -4.264287810570192 2.6168514877633218 0.05903592066279518 -3.6266823035442823 -2.2768415075512554 
7 -0.5807655349008879 1.9567715495530809 1.2559915716341576 -2.7009041698305247 0.7524057737328678 -0.39526460822131926 -2.9619958545458998 1.0399400836936947 
9 1.400434583007972 2.636247262248012 1.2997117957387743 -0.4268268936477626 1.0596137965244792 -2.3064141589363727 -0.6036478680249021 0.32678486094337317 
40 -0.5898430247826569 -0.6523721600149236 2.4788341460129275 -1.2820955249776704 1.1048724245838806 -1.7681287117593876 -1.111997738104817 0.490997552613681 
41 -0.5558358868610338 1.065642329679372 -2.035733348181187 -2.653182709593837 -0.7859533741957888 -3.3597841125982875 -2.934627961028666 0.5471768873381812 
42 -0.05362322254187116 1.9228972311031847 0.8004515828553755 -0.7723742986825374 0.08828305222910071 -4.669093823163528 1.0493108988120368 -2.1032330749250154 
21 2.6745249012609387 0.9615035867753848 3.302463080094749 0.3331044887818635 1.6699849685185628 -2.1060840146803717 -1.6258962601371105 -1.186715473705353 
43 -1.457817229578372 0.18544861731918957 -1.0706738175747015 -0.039260232657662354 2.263450467302241 -0.9290745111106549 -4.194810494141777 0.9780293080779627 
