44 8
44 -0.9691805035700524 -1.3838266621927147 0.6380426092842852 0.5233547109120188 1.7781906019272942 -2.020364359293269 -0.220000237928126 1.0843802900818724 
22 -0.03132344716300621 0.011835663076730674 0.021879210194873544 -0.006885175552567235 -0.0316433939140609 -0.0022351226283005565 0.06192592990231105 0.03966456092800637 
23 -2.1588161343938403 -0.025276850999950896 -1.6285729577910575 0.7617764764558721 2.8070416935934155 -0.8613203879087762 -3.0867785239882157 -0.12036180908336999 
24 -1.996961035783454 -0.30283822850621805 -2.865683675001434 -0.8384783040065638 2.780724176236727 -1.4982736164911574 -0.04101853445845863 -0.08356987224817282 
46 1.354611877902962 0.8931667533064434 -1.9783470904867708 -0.23156223892656141 -1.8630733148760674 -2.27458083953076 -1.4032538174040166 1.811242288268599 
25 -2.370796809840265 1.7776756081479042 -0.6583269131149246 3.107682076030934 0.03214514056464106 -3.4790863295930907 -0.3281306686390628 -1.4255656382444695 
47 -0.6596806326573237 1.0289782668360379 -3.8421189815589827 3.3621018618013743 1.3599662241270027 -1.1680398501230442 -0.14071341394645415 1.495769345650862 
26 -0.029268297930077763 -0.03593646175155764 -0.025378863907837473 -0.04135994288082903 0.03235704084474446 0.023643381218047224 -0.0340913762633972 0.029090783769805104 
48 -3.0586914997927286 1.8827758528310292 -3.077761918634189 -1.3901690245005827 -2.2813641292152287 -1.9977248893145192 1.2332987751769273 1.691906215699661 
49 -0.3808151967847851 -2.196719176592539 -0.9471323647267236 -0.17781198188198072 -0.16605209617938146 -1.9625612978728586 -0.8732169851180449 1.609169620724211 
27 -2.3332514945018317 -0.2934615383956018 -2.236217286580345 -1.059771197424063 0.6799274177543693 -1.5325858776039476 -2.7593020412036724 -3.792057567135899 
28 0.424786998181619 -1.140533581125934 -2.2821968264619934 1.0540630883013318 0.8196288279072977 0.3163992953951545 -3.4286778876431034 0.010942859440615252 
29 -1.8941801521742276 1.511622395646969 0.26003297033795003 -2.4033288596251627 1.4928762745016395 -1.9952020754121476 -1.3662049263483347 0.16094962181591832 
50 1.2105210999087146 -0.1620998658644459 -2.3598654402028356 1.020214512930794 1.9401944077356754 -0.7027137809238809 -2.0980861261171113 0.4668966688032705 
30 -0.5401981887619144 -2.6572669359386385 -2.2368078125166226 1.6852781427045087 0.3372361826875689 -4.633383161477532 -0.7802541384275754 -2.103264063858476 
31 -2.1386828341842747 3.866398798621485 -1.5482089388948577 1.6417301279789263 0.4164279440256535 -1.5262029410065698 -2.5983564383181306 -0.7239430798299301 
10 -0.584414880909975 0.5988494991124397 -0.5215135533969522 0.27321395164595424 2.178317471692829 -2.401041894453638 -3.3916036596842956 -1.781296927904446 
32 0.2614036431464395 1.9284310202722117 -0.10976375057972547 0.0576591824101106 2.1457587678673953 -2.9783287218082846 1.269102649552335 1.7784175436370502 
33 -3.357541170135953 0.4582497548702489 -0.8353611935240759 1.6468020698953871 -0.49367879332050385 -0.5619385215196456 -1.9038275300861511 1.4648317768295178 
11 -0.8573521308200007 -0.38128268536735777 -1.3668790402825426 -0.8609314885380277 0.9230639715824793 -2.724306525841363 -0.697526345732406 -2.0473244778019066 
34 -1.199820537038651 -0.15444979516426832 -2.4868528849785596 -0.9401128098655259 1.7206006732600292 -1.5546658521837595 0.6181156348082093 -0.6157542686868669 
12 -0.9898977160450136 1.020828270909731 -2.3440268592844884 -0.42471513140991507 -0.5544357285371009 -1.52327862592394 -0.04834798105508079 -0.3912542059386345 
13 -0.3976667756843946 -2.5477085974250677 -0.13981427497163712 -0.052838480047681824 -0.11453988404956324 -2.9487581384456227 -1.6911394344317523 1.5638895016742422 
35 -0.6987909712385394 -1.808253299607304 -3.8283011594172414 -0.23795872620643693 -2.500078221503706 -2.7459197300036786 0.18775701503475106 -2.531772961220739 
36 -0.4839000655504038 2.8396494901194416 0.2517617615731721 -0.8420769603916497 0.23552006144205542 -5.287504099191027 -0.563994259711083 0.46540455388103547 
37 -2.2170469389737137 1.3891311042047094 -0.12205924742141809 1.1499862630792377 2.0103822756466796 -1.2128529049326695 -0.41732682176319313 3.0344155090433436 
15 -1.2745474836340582 0.6432950227609808 0.8324206566181668 0.6696222190707133 2.7840451839657034 -4.109759737597835 -2.897787820932115 2.0307812386706043 
16 -1.860016517166873 0.21371955045821817 -0.7991225909035655 -1.9338039675065644 -0.7536523234470098 -1.074945831638236 -4.342939807837898 0.7134291512927925 
38 1.759241205537388 1.8525847305292613 -1.7063335367546106 -0.4889219324818468 -1.3879755925238744 -2.3472485259091087 -0.7894245928436061 -0.39923721447433513 
17 0.22929973351066246 2.9065519925667456 -1.5567216864681925 0.060624859214204276 0.582007864469654 -1.696445589194397 -1.1289181057993756 -1.5503451550475356 
18 -1.5694230620698975 0.03334817654610119 0.9334246498016149 -0.8249112500282958 -1.3477802244204033 -3.4819612882851283 -1.5048461588378945 0.04715608642644194 
19 0.08782658189456495 1.436899202471931 -1.3082464043374264 -1.72640542481752 1.307385811606304 -1.3684776257821283 -2.0578755203967805 1.7457847257640873 
1 0.682360221609884 -1.1739868690785855 -2.543642168124841 -0.5793501583071632 0.23145896707187616 -1.7157541752341465 -2.218529488836338 0.4284675913286836 
2 1.368209692838435 1.6631446686267595 -3.662382627129205 0.6116983103363632 -0.06265722155412884 -2.035494390866862 -5.014072187617537 -0.07816613686077911 
3 -3.328133730175868 0.18995997162644976 -1.0996827217128493 0.6431669208169258 -0.025325592606287098 -3.2869657000524257 0.8668750804315755 1.9995213565136687 
5 -0.9559620829672757 0.32858559815608157 -2.0405241728398624 -1.1410388763299792 0.27694795251052684 -2.520113510198132 -0.2237511652369855 3.4706459727350194 
6 1.4805802214234134 1.2203417871097988 -1.7364877291745058 1.4675465356494386 1.6768870033917087 -3.376311866544655 -0.3669092220479881 -0.17506995346980328 
7 0.5357987519631877 0.5531832466090166 -0.04392561510214789 2.2307705278908747 -1.5468605293849635 -4.154778468649767 -3.767150872486939 -0.9743209002970035 
8 -3.3189233998192953 -1.6932461199399027 -2.65796405408846 0.8999517766807766 0.8560033243129408 -1.1052797094047158 -1.7457899915446236 0.8384180338354612 
9 -1.4296297841133183 0.059800000783026 -3.4175101123404965 1.851539801371862 -3.9289755054462447 -3.0180484342393847 -1.5005581520941333 0.9897604797004791 
40 0.3532558657765854 1.441875634874596 1.399370019368427 1.8327265234090224 0.46936048676602704 -2.6613834683115294 -3.3671847319204207 0.8020461963252602 
41 -2.9915465395223553 -0.5601062877287676 0.10823966850282418 2.074970067819448 0.4681774981595045 -1.4411066538406134 -1.056608249523151 -1.5083249721674474 
21 0.4096454022635505 -1.4418318144377653 -0.8138020309555201 2.745766475433956 -0.6530134536399657 -3.297320294413734 -0.229689236446506 1.4278261797596754 
43 -0.6871600728564957 1.282652258566645 -2.851880331887976 3.0656731411070917 1.3147535338775265 -1.35577091415196 -0.7205386687727322 2.0700522626251785 
