41 8
44 1.2956126066519469 -0.5568095125826171 0.18816797450764483 0.01857629599140373 4.724886819153576 -3.053422196605158 0.27868891045204774 -0.4365514060801057 
22 -0.7266769073075618 3.3240243005450503 0.22513902063101898 -0.9777807583122959 0.92175141177358 -5.79838308005951 -0.5119220716971764 0.41902182122919845 
23 -0.6787194965851007 0.8134835582044542 -1.5175566962608238 -2.5375102883297327 1.8177156365186125 -2.1324456175627464 -0.5966969539619317 -2.667517614046545 
45 1.238891811240889 0.9941643630625054 -0.7026325227294374 -2.580737069207446 4.326823519699686 -0.36988669990947254 -1.3072072601992393 1.8524368810480412 
24 -2.577966442464742 -1.070412540980499 1.022079629953723 -2.3791322655906844 2.050888701735952 -1.1477472471426236 -0.523079449982218 -2.80245108718479 
46 -0.6037868851459945 1.8433808987477587 1.167009119603506 -1.2269226207488753 2.6917552843102017 0.2838579481560792 0.40542530880921335 -0.6215895428181555 
47 2.326365460142919 2.995665435474699 0.3686245615103919 2.553392054498483 1.9361567864890257 -0.579460581262709 -1.7740844002547806 -1.8261546225595338 
26 2.219631711658083 -1.0239793941928474 -0.16386132636658443 -1.03756294801445 1.092262086694782 -3.639135142796035 -3.375453524867848 -0.6989568811243398 
48 -2.4964256522408226 0.830264711218622 -2.0870000161790334 -2.049132046968116 3.5649797354849646 -2.686361724742356 0.670761830281573 -0.5042412004500527 
28 -2.2849677334119822 -1.6934063444146794 -0.5431163033129516 0.9922274065706048 1.6646597385889101 -3.7928327243358737 -2.3424391985389863 -0.6556060038068626 
50 -0.6349254478369832 -0.23150393949789988 -0.9024902329133656 0.26308869815363223 0.845851553833181 -2.98034844605707 -1.8497075592996703 -2.861387817365807 
30 -1.3401961301835972 3.7964152936701443 0.07033733750314636 -3.8459247128268674 2.361041885392151 -0.17055053175130824 -2.8616582105647805 -0.30525452492399696 
32 -1.1330854395917211 -0.5524145360267695 2.439560678818256 0.8387551646792099 1.8212178276772806 -0.13222122256641836 -4.7000651582299104 -3.164274995864722 
10 1.6605731483658976 1.1622970907397518 -0.4288828932796205 -2.342797125009006 2.576147134988872 -1.2139256283236088 -1.200557386711096 -0.9307041357153707 
33 0.5268287415353607 1.8584754210669217 -1.9688704488924746 -1.7431190237995573 0.4686015647076637 -0.48375259011997135 -1.571656911116212 -1.5208355789573342 
11 -0.11174157271103304 2.784956963736372 -1.250311563237282 0.9086659750015755 2.098059253771071 -1.788380619415017 -3.6749906249195754 -2.6234230163629424 
34 -2.5470216678820554 2.2073044134618107 1.0642876715836496 -0.17414632817570558 -2.003967496755144 -1.707964608369302 -2.824051442567268 -0.5381819399208769 
12 -2.388069951477233 3.570888986722037 -0.780040473927369 -0.17853023764249942 3.553300998289189 -2.0757026598527815 -0.9674020761877038 0.00765280906358255 
13 -5.438082950172412 0.38085230555883454 2.8240616773534186 -1.4839907852035568 2.7492811177185805 -0.2683439512227554 -2.234742174325728 -0.6030074334910157 
35 1.2566985328446687 1.6226181205806411 3.2161264297566503 -3.18979799120247 -1.5124057321014779 -2.072319792993068 -2.4789296015927564 -3.219016283508043 
36 -0.701036270289687 1.0223582520727814 0.9894934839758472 -3.0217157762997298 0.4400207046522136 -2.9954376694200513 0.4664572937047873 1.2898215210379371 
37 -0.1962023545180502 1.9590849964000407 -0.6454175745226848 -1.6559966275934022 1.1952195420638696 0.8744795169560442 -2.3456335400102515 -2.0765973687626937 
15 -1.2277674527151157 2.299289328557706 1.2655689700518877 -1.0155945873259293 -0.08450379944832756 -1.1041468861169244 -1.041776928250034 -2.497720899975322 
16 -0.903879135694379 -0.1861758741617987 1.4561637858547019 -1.1613182558230617 2.955039801038962 -0.9350511871833965 -0.5448239785619783 0.8853370491256782 
38 -0.6120097300691159 1.8449164061613899 1.1638596674363744 -1.229303804739653 2.7272817245271526 0.2472748002922519 0.36822585062097857 -0.6338750622623016 
17 0.9797748415073603 3.8186420530552 2.4540346622308467 -1.379633048902418 0.31719564689191815 0.5418807039024621 -3.0065524492582054 2.191169081708937 
39 -2.6672605712343054 3.0910834151737583 -0.07112615304969248 -0.6950543340181852 0.35220752172753 -1.2839077609038092 -1.212494712987689 0.18292343526668509 
18 -0.5688495771789194 -1.4458900328390674 2.5035108054513313 -1.2050005180491716 0.14732855725215727 -2.6249631200252335 -1.4943999388808287 0.08408991684126679 
19 -1.6025283425794794 1.2297763283800933 2.1304061099393166 1.1729814502399458 1.5236790026789513 -2.035734838659188 -0.015252831279947567 -1.7341693801917692 
1 0.1796952016754261 2.7738740069360563 2.7504431887536507 0.32612795752820134 3.474876923905803 0.3135925618387295 -2.9533333237738573 -1.2040726547059004 
3 -0.9926165976377396 2.201452147600991 1.6646917456917456 1.0340251313445326 0.15666886432902472 -2.5141492653650754 -3.3267082853724275 0.09604479795997067 
4 0.5432793849271237 0.9401041150703334 -0.513408260173287 1.00136284993393 4.605997937566364 -3.552894875276545 -1.1852882675764391 -1.7134051938006152 
5 -0.9926836067698589 2.19939554432884 1.665075797747799 1.0303087564376512 0.15702595063201175 -2.528441416845735 -3.322171550676911 0.11145055139745566 
6 1.2306976318994107 -1.189645866454104 2.7658224238871836 -4.231696866780798 2.6046711375186056 0.08168679367334986 -3.539350495078757 -2.2218527883598624 
7 -0.6396459702187614 1.8830138275953565 1.2713742491960156 -2.6982468405893925 0.8688797548054935 -0.6203629364028538 -2.9021902164521642 0.9151147363931159 
9 1.4038061516189977 2.6077919207194413 1.2665353225899878 -0.5254644686125528 1.0798740487624574 -2.3500038687645852 -0.5997463355280129 0.3061013931682214 
40 -0.5821662180817815 -0.7643239849357745 2.5176145377382286 -1.3551440211898407 1.0342108562636636 -1.7910591181817863 -1.0204396993135108 0.6148356206008008 
41 -0.5337168994879398 1.0358421152323671 -2.0362464082740446 -2.6467109150683625 -0.7837565783120874 -3.329465193906822 -2.859978683580952 0.5236564664985027 
42 -0.05012915069614006 1.9519195046536202 0.7973651471336776 -0.8285311033400822 0.09967445485524284 -4.6250006316478 1.0168598298158547 -2.091371353004277 
21 2.58973625124483 0.926977928236956 3.326039562932861 0.33767609558414274 1.6918361865994047 -2.1542769782455498 -1.6705217622147197 -1.1533936183910325 
43 -1.5124494997435889 0.125279000694001 -1.0820383199390828 -0.049467102474271545 2.2683512709231923 -0.8785225733229086 -4.183311092798073 1.0194958940957357 
