44 8
44 -1.0406341628104987 -1.4307239715897768 0.5990618885666894 0.5280136090701483 1.8178658308351268 -1.953918098501067 -0.20319118658267796 1.1323088108658002 
22 -0.03132344716300621 0.011835663076730674 0.021879210194873544 -0.006885175552567235 -0.0316433939140609 -0.0022351226283005565 0.06192592990231105 0.03966456092800637 
23 -2.23350887003965 0.027816260364646336 -1.7530664509870488 0.710510109701627 2.7807269475111513 -0.8941314601234037 -3.0684264531127345 -0.10608768193314813 
24 -1.8990393076894105 -0.26328019995720464 -2.9463673332385545 -0.8217880197597591 2.825423027820035 -1.6536190103801005 0.00695301412387896 -0.03073480312655069 
46 1.302524980628381 0.8234791832629564 -1.907708485619551 -0.24710063432765006 -1.7117143542583486 -2.3846007750787135 -1.4530985077019374 1.6088316195347336 
25 -2.5115953543227216 1.6444412427847612 -0.6048548939486564 2.916046600344019 -0.03902121207903088 -3.2631774860701603 -0.32217029644518835 -1.4085663529902972 
47 -0.6158080919273388 1.0864169671961814 -3.950580779606495 3.398008330908575 1.3542470597487108 -1.1239735743130668 -0.02912126527738039 1.6296877519735764 
26 -0.029268297930077763 -0.03593646175155764 -0.025378863907837473 -0.04135994288082903 0.03235704084474446 0.023643381218047224 -0.0340913762633972 0.029090783769805104 
48 -2.786093097395335 1.8283037839559404 -2.8166448782191043 -1.326865583364568 -2.0692156586664168 -1.6634147356863964 1.0219022958689226 1.7207118138903092 
49 -0.28547893644910916 -2.2564420120863073 -0.8530514389071093 -0.05873217823319614 -0.158813243367035 -1.9822143288269418 -0.8427332982117858 1.701412249502378 
27 -2.1029752459738598 -0.1861584489593492 -2.1033774087855788 -1.0945117361681156 0.7051608322979945 -1.3407106457453346 -2.5253372468649484 -3.3899920923546945 
28 0.4210236463931426 -1.1804154871480903 -2.264329741660758 0.9791323948815343 0.8657638032194194 0.39361423045957833 -3.1914006724100186 0.13781080194757875 
29 -1.9586214961120159 1.5970827551961615 0.36025487083157504 -2.3797558203962965 1.5397305971304407 -2.0329132483555026 -1.3946742968448622 0.24665401577314466 
50 1.0678966648972128 -0.16315077865295308 -2.4282811409555247 0.8566116384488833 1.8221992944494505 -0.6778537323372615 -1.9698052784140376 0.44102080173896113 
30 -0.5450939902747605 -2.4620421140056092 -2.050363794751938 1.2850462870318433 0.3854923056860284 -4.229834751284176 -0.6954823137241801 -1.7818943597599104 
31 -2.0818294566664304 3.632658326521304 -1.5740734929646452 1.5747999295055448 0.25869352771842286 -1.4745318947437418 -2.4493827828474086 -0.7911028717806292 
10 -0.5953633247236005 0.5244796963103526 -0.614649597127016 0.38045856308993004 2.31060196823239 -2.3739898633161283 -3.380180339303028 -1.8476706321293839 
32 0.3728161729141048 1.7959789409026619 -0.04298749538727571 -0.07785157553137097 2.0531919070149702 -3.0239231287286668 1.3871635181688653 1.8341236407879584 
33 -3.247497949749983 0.3713405055446954 -0.8699773562573808 1.6200737202029256 -0.37417824373454595 -0.4224253318860624 -1.9466695151625382 1.56207452647781 
11 -0.853734027172423 -0.35036511241611057 -1.4361346178517314 -0.8212252957165646 1.0351302185720745 -2.7514018233618835 -0.6080533755215217 -2.1830220547474384 
34 -1.226302663674621 -0.1185836808808102 -2.480626330743665 -0.8414275675916073 1.9070461630285063 -1.7112686455135468 0.5395687985139471 -0.6609700130738722 
12 -1.0128503675040632 1.1783673169628126 -2.5706615506770243 -0.5837073313917175 -0.4110388894630284 -1.5211716598000065 0.010345291044747311 -0.3878756343892799 
13 -0.4702883551726235 -2.5890737299544604 -0.17021259221843227 0.003554869227062999 -0.15872025557518912 -3.090719654961813 -1.811326180617338 1.6572211178080276 
35 -0.7183943615831275 -1.787525626727426 -3.5467372487727467 -0.18008202588239533 -2.3428743053847447 -2.6541303247979635 0.16327239689974563 -2.4417137816678975 
36 -0.41893706902630024 2.5158379106446045 0.16385163050457294 -0.773725662095363 0.17504777353487946 -4.87156087335579 -0.6203536195465302 0.38783215227313483 
37 -2.091284912340541 1.1884572801617233 -0.1639872018788135 1.0490813704957989 1.9846185065390665 -1.2328357669875034 -0.5087091477646286 2.864369824778746 
15 -1.192019995568945 0.5389935738494124 0.6846339279508107 0.5972447777855242 2.7031544813698924 -3.7351266772512344 -2.539560340344847 1.8917757963708288 
16 -1.8344980177869035 -0.06439923617049262 -0.68129352180105 -2.0035243501207867 -0.673963331066167 -1.1580211307218686 -4.403123256734554 0.7599554420492948 
38 1.692451151114891 1.7344697593560554 -1.6621765459405566 -0.5275861899450576 -1.3010060103811356 -2.4155792757145402 -0.8090692514979339 -0.18127897052044253 
17 0.29793093673235954 2.955988377845761 -1.4676838505540852 0.06949763231035368 0.4239995425069135 -1.5858288282317115 -1.0898575259385548 -1.5163702397518921 
18 -1.6277424157907439 -0.15928604671920568 1.0741217614728993 -1.0146199863204737 -1.5574496410585068 -3.6432079696474964 -1.4859915430283535 -0.005918998787243489 
19 0.08259148176251756 1.296733581586336 -1.41787488522013 -1.9791135835524143 1.2681821012127539 -1.4166238579608763 -1.9870340704310814 1.9174663841545088 
1 0.7790484559103851 -1.3857147709357092 -2.588544741830796 -0.5264089019710212 0.009330195470585261 -1.6343220088842052 -2.283099314032686 0.5743196767649243 
2 1.2653491245833164 1.283481665042297 -3.402239046528773 0.5521440347068247 0.10455315287106778 -1.9014104151526183 -4.529369101664677 0.09532256711767573 
3 -3.261062317644242 -0.025719533172753873 -1.1831700189482586 0.4184079541097651 -0.033240723647667336 -3.378380628888791 0.8422092844519465 2.0487386442054105 
5 -1.198519915441734 0.14493295099979422 -2.1456245601726844 -1.1753640254421283 0.2832757793447095 -2.629806032227951 -0.3807787896486197 3.31398924134824 
6 1.5660901333717359 1.28800506536146 -1.946120950094149 1.558516978139429 1.6627427529101688 -3.4435845484666943 -0.34465161639561454 -0.3349468712349285 
7 0.5213774061329255 0.47232495739362057 -0.10719003110082263 2.0646548304325454 -1.5428156227733572 -3.8860438506873485 -3.5162958369288964 -0.9281413118814689 
8 -3.338884807564644 -1.7951825211053967 -2.554171457488475 0.7975534597100401 0.8584077880582526 -1.1575407727165103 -1.7922737503913337 0.7456518868347941 
9 -1.2023699668112398 0.3804282532771843 -3.254541062848848 1.5045008594925304 -3.369059930330364 -2.800736669695718 -1.2316025604396563 0.948273255911442 
40 0.32623622804856134 1.4454960599341264 1.3475517425695265 1.7282555747842012 0.48529432148932283 -2.44431735421623 -3.1902334192046786 0.7868607452732442 
41 -3.0148272851598397 -0.6170849241716436 0.16280091213690528 2.0715469996051104 0.3546320000304386 -1.350052782868278 -1.0481432289714208 -1.359205407071156 
21 0.5245273297524382 -1.4083871079249766 -0.9605212194337377 2.877825891221995 -0.4764331785836 -3.5163328341715263 -0.18602642435492645 1.4230392123786715 
43 -0.658655424515643 1.20426504492663 -2.6787717491666783 2.795741606048591 1.3148235695036277 -1.3062908218441942 -0.5857349274898936 2.0559640416649145 
